0.000167094,0.000334038,0.000500684,0.000666884,0.000832488,0.000997345,0.0011613,0.00132421,0.0014859,0.00164622,0.00180502,0.00196212,0.00211737,0.00227058,0.00242159,0.00257023,0.00271632,0.00285967,0.0030001,0.00313742,0.00327145,0.00340199,0.00352885,0.00365183,0.00377074,0.00388538,0.00399554,0.00410103,0.00420165,0.00429719,0.00438746,0.00447227,0.00455142,0.00462472,0.00469197,0.00475301,0.00480765,0.00485572,0.00489705,0.00493148,0.00495887,0.00497907,0.00499195,0.00499739,0.00499528,0.00498551,0.00496801,0.00494269,0.00490949,0.00486838,0.00481931,0.00476228,0.00469729,0.00462434,0.00454348,0.00445477,0.00435826,0.00425406,0.00414226,0.004023,0.00389642,0.00376269,0.003622,0.00347454,0.00332056,0.00316028,0.00299397,0.00282189,0.00264434,0.00246164,0.00227411,0.00208209,0.00188596,0.00168607,0.00148281,0.00127658,0.00106778,0.000856831,0.000644148,0.00043016,0.000215299,0,0,0,0,0,0,0,0,0,0,0,0,0,0,0,0,0,0,0
0.000334337,0.000668375,0.00100182,0.00133437,0.00166573,0.0019956,0.00232367,0.00264963,0.00297318,0.00329399,0.00361175,0.00392612,0.00423678,0.00454338,0.00484558,0.00514304,0.00543539,0.00572228,0.00600332,0.00627816,0.00654641,0.00680769,0.00706161,0.00730778,0.00754579,0.00777526,0.00799579,0.00820697,0.0084084,0.00859969,0.00878043,0.00895024,0.00910873,0.00925551,0.00939021,0.00951246,0.00962191,0.00971821,0.00980103,0.00987005,0.00992497,0.0099655,0.00999139,0.0100024,0.00999825,0.00997881,0.00994387,0.00989329,0.00982695,0.00974475,0.00964663,0.00953257,0.00940256,0.00925663,0.00909486,0.00891736,0.00872426,0.00851574,0.00829202,0.00805335,0.00780003,0.00753238,0.00725079,0.00695564,0.00664745,0.00632663,0.00599372,0.00564926,0.00529385,0.00492811,0.00455271,0.00416833,0.00377568,0.00337552,0.0029686,0.00255574,0.00213772,0.0017154,0.0012896,0.000861194,0.000431036,0,0,0,0,0,0,0,0,0,0,0,0,0,0,0,0,0,0,0
0.00050188,0.00100331,0.00150386,0.00200306,0.00250048,0.00299567,0.00348817,0.00397751,0.00446323,0.00494486,0.00542191,0.00589389,0.0063603,0.00682064,0.00727439,0.00772102,0.00816001,0.0085908,0.00901284,0.00942558,0.00982844,0.0102208,0.0106022,0.010972,0.0113295,0.0116742,0.0120055,0.0123228,0.0126254,0.0129128,0.0131844,0.0134397,0.0136779,0.0138985,0.014101,0.0142848,0.0144494,0.0145943,0.0147189,0.0148228,0.0149056,0.0149667,0.0150058,0.0150226,0.0150167,0.0149877,0.0149355,0.0148598,0.0147604,0.0146372,0.01449,0.0143189,0.0141239,0.0139049,0.0136621,0.0133957,0.0131058,0.0127927,0.0124568,0.0120985,0.0117181,0.0113161,0.0108932,0.0104499,0.00998703,0.00950515,0.00900508,0.00848765,0.00795375,0.00740431,0.00684034,0.00626286,0.00567296,0.00507175,0.00446038,0.00384006,0.003212,0.00257745,0.00193768,0.00129398,0.000647652,0,0,0,0,0,0,0,0,0,0,0,0,0,0,0,0,0,0,0
0.000669873,0.00133915,0.00200725,0.00267356,0.00333751,0.00399848,0.00465587,0.00530907,0.00595745,0.00660038,0.00723721,0.00786731,0.00848999,0.00910459,0.00971042,0.0103068,0.0108929,0.0114682,0.0120318,0.012583,0.0131211,0.0136452,0.0141546,0.0146485,0.0151262,0.0155867,0.0160294,0.0164534,0.0168578,0.017242,0.0176051,0.0179463,0.0182648,0.0185598,0.0188307,0.0190766,0.0192969,0.0194909,0.0196578,0.019797,0.019908,0.0199901,0.0200429,0.0200658,0.0200583,0.0200201,0.0199508,0.0198502,0.0197178,0.0195537,0.0193576,0.0191294,0.0188693,0.0185771,0.0182532,0.0178976,0.0175106,0.0170927,0.0166443,0.0161657,0.0156578,0.015121,0.0145561,0.013964,0.0133457,0.012702,0.0120339,0.0113426,0.0106293,0.00989514,0.00914156,0.0083699,0.00758161,0.00677818,0.00596117,0.00513217,0.0042928,0.00344475,0.00258972,0.00172941,0.00086559,0,0,0,0,0,0,0,0,0,0,0,0,0,0,0,0,0,0,0
0.000838466,0.00167619,0.00251244,0.00334648,0.00417756,0.00500493,0.00582784,0.00664553,0.00745721,0.00826209,0.00905938,0.00984826,0.0106279,0.0113975,0.0121561,0.0129029,0.013637,0.0143574,0.0150633,0.0157538,0.0164278,0.0170845,0.0177227,0.0183416,0.0189402,0.0195174,0.0200722,0.0206037,0.0211108,0.0215925,0.0220478,0.0224758,0.0228754,0.0232456,0.0235856,0.0238944,0.024171,0.0244147,0.0246245,0.0247997,0.0249395,0.0250432,0.0251101,0.0251395,0.025131,0.0250839,0.0249978,0.0248724,0.0247074,0.0245024,0.0242574,0.0239722,0.0236469,0.0232814,0.0228761,0.0224311,0.0219467,0.0214235,0.020862,0.0202627,0.0196265,0.0189541,0.0182465,0.0175047,0.01673,0.0159233,0.0150861,0.0142198,0.0133257,0.0124056,0.011461,0.0104937,0.00950549,0.00849829,0.00747402,0.00643469,0.00538234,0.00431908,0.00324704,0.00216838,0.0010853,0,0,0,0,0,0,0,0,0,0,0,0,0,0,0,0,0,0,0
0.00100781,0.00201473,0.00301988,0.0040224,0.00502137,0.00601592,0.00700513,0.00798809,0.00896387,0.00993153,0.0108901,0.0118386,0.0127761,0.0137015,0.0146137,0.0155119,0.0163948,0.0172614,0.0181106,0.0189413,0.0197522,0.0205424,0.0213105,0.0220553,0.0227758,0.0234707,0.0241387,0.0247788,0.0253895,0.0259698,0.0265183,0.027034,0.0275157,0.0279621,0.0283721,0.0287446,0.0290785,0.0293728,0.0296263,0.0298383,0.0300076,0.0301335,0.0302151,0.0302517,0.0302425,0.030187,0.0300846,0.0299348,0.0297372,0.0294916,0.0291978,0.0288555,0.0284649,0.028026,0.027539,0.0270042,0.026422,0.025793,0.0251177,0.024397,0.0236316,0.0228227,0.0219713,0.0210787,0.0201463,0.0191754,0.0181677,0.0171248,0.0160484,0.0149406,0.0138032,0.0126385,0.0114485,0.0102356,0.00900203,0.0077503,0.00648286,0.00520223,0.00391101,0.0026118,0.00130724,0,0,0,0,0,0,0,0,0,0,0,0,0,0,0,0,0,0,0
0.00117804,0.00235505,0.00353002,0.00470191,0.0058697,0.00703234,0.00818879,0.00933797,0.0104788,0.0116102,0.0127311,0.0138402,0.0149365,0.0160188,0.0170858,0.0181364,0.0191692,0.0201831,0.0211767,0.0221487,0.0230978,0.0240226,0.0249218,0.0257938,0.0266375,0.0274512,0.0282337,0.0289835,0.0296991,0.0303791,0.0310221,0.0316268,0.0321917,0.0327153,0.0331965,0.0336339,0.0340261,0.0343719,0.0346702,0.0349198,0.0351196,0.0352685,0.0353656,0.03541,0.0354008,0.0353374,0.0352191,0.0350453,0.0348155,0.0345295,0.0341869,0.0337877,0.0333317,0.0328191,0.0322501,0.0316251,0.0309445,0.030209,0.0294192,0.0285761,0.0276807,0.0267342,0.0257377,0.0246929,0.0236014,0.0224647,0.0212847,0.0200634,0.0188028,0.0175053,0.0161731,0.0148086,0.0134146,0.0119936,0.0105483,0.00908172,0.00759663,0.00609605,0.00458301,0.00306058,0.00153186,0,0,0,0,0,0,0,0,0,0,0,0,0,0,0,0,0,0,0
0.00134931,0.00269745,0.00404327,0.00538559,0.00672325,0.00805507,0.00937983,0.0106963,0.0120034,0.0132996,0.0145839,0.0158549,0.0171112,0.0183516,0.0195746,0.0207789,0.021963,0.0231254,0.0242648,0.0253795,0.0264681,0.0275289,0.0285605,0.0295612,0.0305294,0.0314635,0.0323618,0.0332228,0.0340447,0.0348259,0.0355648,0.0362598,0.0369093,0.0375116,0.0380653,0.0385688,0.0390206,0.0394192,0.0397634,0.0400517,0.0402829,0.0404558,0.0405693,0.0406224,0.040614,0.0405433,0.0404096,0.0402123,0.0399507,0.0396244,0.0392333,0.038777,0.0382556,0.0376691,0.0370178,0.036302,0.0355224,0.0346797,0.0337745,0.032808,0.0317813,0.0306958,0.0295529,0.0283543,0.0271019,0.0257976,0.0244433,0.0230415,0.0215945,0.0201049,0.0185753,0.0170087,0.0154078,0.013776,0.0121162,0.0104317,0.00872599,0.0070024,0.00526445,0.00351567,0.00175965,0,0,0,0,0,0,0,0,0,0,0,0,0,0,0,0,0,0,0
0.00152176,0.00304222,0.00456007,0.00607403,0.00758276,0.00908496,0.0105793,0.0120644,0.0135388,0.0150013,0.0164503,0.0178845,0.0193022,0.0207021,0.0220825,0.0234419,0.0247787,0.0260912,0.0273778,0.0286368,0.0298665,0.031065,0.0322306,0.0333615,0.034456,0.035512,0.0365279,0.0375017,0.0384315,0.0393156,0.040152,0.040939,0.0416746,0.0423572,0.0429849,0.043556,0.0440688,0.0445216,0.044913,0.0452413,0.0455052,0.0457032,0.0458342,0.0458968,0.04589,0.0458129,0.0456645,0.0454441,0.045151,0.0447849,0.0443453,0.043832,0.043245,0.0425844,0.0418504,0.0410434,0.0401641,0.0392132,0.0381916,0.0371006,0.0359413,0.0347153,0.0334242,0.03207,0.0306548,0.0291806,0.0276499,0.0260651,0.0244291,0.0227447,0.0210149,0.019243,0.0174324,0.0155864,0.0137088,0.0118031,0.00987331,0.0079232,0.00595677,0.00397804,0.00199108,0,0,0,0,0,0,0,0,0,0,0,0,0,0,0,0,0,0,0
0.00169553,0.00338962,0.00508085,0.00676776,0.00844893,0.0101229,0.0117881,0.0134432,0.0150866,0.0167167,0.0183319,0.0199307,0.0215114,0.0230723,0.0246117,0.0261279,0.0276191,0.0290834,0.030519,0.031924,0.0332965,0.0346344,0.0359359,0.037199,0.0384214,0.0396013,0.0407366,0.0418251,0.0428648,0.0438536,0.0447894,0.0456701,0.0464938,0.0472583,0.0479617,0.0486021,0.0491776,0.0496862,0.0501263,0.0504961,0.050794,0.0510185,0.051168,0.0512413,0.0512371,0.0511543,0.050992,0.0507492,0.0504252,0.0500195,0.0495317,0.0489614,0.0483088,0.0475737,0.0467565,0.0458577,0.0448779,0.0438179,0.0426788,0.0414619,0.0401685,0.0388003,0.0373593,0.0358473,0.0342671,0.0326207,0.0309108,0.0291404,0.0273124,0.0254301,0.0234969,0.0215164,0.0194924,0.0174288,0.0153295,0.0131989,0.011041,0.00886041,0.00666145,0.00444867,0.00222666,0,0,0,0,0,0,0,0,0,0,0,0,0,0,0,0,0,0,0
0.00187076,0.00373994,0.005606,0.00746736,0.00932244,0.0111697,0.0130074,0.014834,0.0166478,0.0184471,0.0202302,0.0219954,0.0237407,0.0254644,0.0271646,0.0288394,0.0304868,0.0321047,0.0336913,0.0352442,0.0367615,0.0382409,0.0396804,0.0410775,0.0424301,0.043736,0.0449927,0.046198,0.0473496,0.0484452,0.0494824,0.050459,0.0513727,0.0522213,0.0530024,0.053714,0.0543539,0.0549202,0.0554107,0.0558236,0.0561571,0.0564094,0.0565789,0.0566641,0.0566636,0.0565762,0.0564007,0.0561362,0.0557818,0.055337,0.0548011,0.0541741,0.0534556,0.0526458,0.051745,0.0507536,0.0496725,0.0485024,0.0472445,0.0459002,0.044471,0.0429588,0.0413657,0.0396938,0.037946,0.0361246,0.0342328,0.0322735,0.0302503,0.0281667,0.0260265,0.0238336,0.0215923,0.019307,0.0169819,0.0146219,0.0122317,0.00981606,0.00738002,0.00492859,0.00246688,0,0,0,0,0,0,0,0,0,0,0,0,0,0,0,0,0,0,0
0.00204757,0.00409344,0.00613592,0.00817334,0.010204,0.0122261,0.014238,0.0162378,0.0182238,0.0201941,0.0221469,0.0240802,0.025992,0.0278805,0.0297434,0.0315788,0.0333844,0.0351581,0.0368976,0.0386007,0.040265,0.0418881,0.0434677,0.0450012,0.0464863,0.0479204,0.0493009,0.0506254,0.0518913,0.053096,0.0542369,0.0553117,0.0563177,0.0572524,0.0581134,0.0588984,0.0596049,0.0602307,0.0607735,0.0612314,0.0616021,0.0618839,0.0620749,0.0621734,0.0621779,0.0620869,0.0618993,0.0616139,0.0612298,0.0607462,0.0601627,0.0594788,0.0586945,0.0578097,0.0568247,0.0557402,0.0545567,0.0532753,0.0518972,0.050424,0.0488572,0.0471989,0.0454513,0.043617,0.0416988,0.0396996,0.0376225,0.0354711,0.033249,0.0309602,0.028609,0.0261996,0.0237367,0.021225,0.0186695,0.0160754,0.0134478,0.0107922,0.00811405,0.00541886,0.00271228,0,0,0,0,0,0,0,0,0,0,0,0,0,0,0,0,0,0,0
0.00222609,0.00445036,0.00667101,0.00888622,0.0110942,0.013293,0.0154808,0.0176557,0.0198158,0.021959,0.0240834,0.0261868,0.0282673,0.0303225,0.0323503,0.0343484,0.0363145,0.0382462,0.040141,0.0419966,0.0438103,0.0455795,0.0473017,0.0489742,0.0505942,0.0521591,0.053666,0.0551122,0.0564949,0.0578113,0.0590586,0.060234,0.0613347,0.0623581,0.0633015,0.0641621,0.0649374,0.065625,0.0662223,0.0667271,0.0671371,0.0674501,0.0676643,0.0677776,0.0677885,0.0676952,0.0674965,0.0671911,0.066778,0.0662563,0.0656255,0.0648849,0.0640346,0.0630745,0.0620049,0.0608264,0.0595396,0.0581457,0.056646,0.055042,0.0533356,0.0515289,0.0496245,0.0476248,0.0455334,0.043353,0.0410872,0.0387398,0.0363148,0.0338167,0.03125,0.0286194,0.02593,0.0231871,0.020396,0.0175625,0.0146922,0.0117911,0.00886517,0.00592055,0.00296341,0,0,0,0,0,0,0,0,0,0,0,0,0,0,0,0,0,0,0
0.00240645,0.00481097,0.00721164,0.00960651,0.0119936,0.0143711,0.0167368,0.0190887,0.0214249,0.0237431,0.0260412,0.0283169,0.0305681,0.0327924,0.0349874,0.0371506,0.0392795,0.0413717,0.0434244,0.045435,0.0474007,0.0493188,0.0511863,0.0530004,0.0547581,0.0564566,0.0580926,0.0596634,0.0611657,0.0625966,0.063953,0.0652318,0.0664301,0.0675449,0.0685732,0.0695121,0.0703588,0.0711106,0.0717647,0.0723187,0.07277,0.0731163,0.0733555,0.0734854,0.0735041,0.07341,0.0732015,0.0728771,0.0724358,0.0718766,0.0711988,0.0704018,0.0694855,0.0684498,0.067295,0.0660216,0.0646305,0.0631227,0.0614997,0.0597631,0.057915,0.0559575,0.0538934,0.0517255,0.0494574,0.0470923,0.0446339,0.0420865,0.0394543,0.0367422,0.0339552,0.0310983,0.0281772,0.0251976,0.0221653,0.0190865,0.0159676,0.0128149,0.00963509,0.00643481,0.00322084,0,0,0,0,0,0,0,0,0,0,0,0,0,0,0,0,0,0,0
0.00258877,0.0051755,0.00775815,0.0103347,0.012903,0.0154611,0.0180068,0.0205379,0.0230523,0.0255476,0.0280217,0.0304721,0.0328964,0.0352921,0.0376567,0.0399876,0.0422821,0.0445374,0.0467506,0.048919,0.0510396,0.0531093,0.0551251,0.0570838,0.0589822,0.0608173,0.0625856,0.0642839,0.0659089,0.0674574,0.0689259,0.0703112,0.0716101,0.0728191,0.0739353,0.0749553,0.0758761,0.0766948,0.0774083,0.0780139,0.0785089,0.0788908,0.079157,0.0793054,0.0793338,0.0792403,0.0790233,0.0786811,0.0782126,0.0776165,0.0768922,0.076039,0.0750566,0.0739451,0.0727045,0.0713355,0.0698389,0.0682159,0.0664679,0.0645967,0.0626044,0.0604935,0.0582668,0.0559274,0.0534792,0.0509254,0.0482703,0.0455184,0.0426743,0.0397432,0.0367305,0.0336419,0.0304833,0.027261,0.0239813,0.020651,0.0172769,0.013866,0.0104256,0.00696283,0.00348516,0,0,0,0,0,0,0,0,0,0,0,0,0,0,0,0,0,0,0
0.00277316,0.00554417,0.00831089,0.0110712,0.0138229,0.0165638,0.0192916,0.0220041,0.024699,0.0273739,0.0300263,0.0326538,0.0352538,0.0378236,0.0403605,0.0428617,0.0453245,0.0477457,0.0501225,0.0524517,0.0547301,0.0569546,0.0591218,0.0612283,0.0632707,0.0652456,0.0671495,0.0689787,0.0707298,0.0723991,0.0739831,0.0754782,0.0768808,0.0781875,0.0793946,0.0804989,0.0814968,0.0823853,0.083161,0.083821,0.0843622,0.0847819,0.0850775,0.0852464,0.0852864,0.0851953,0.0849713,0.0846126,0.0841179,0.0834858,0.0827156,0.0818065,0.0807581,0.0795703,0.0782435,0.076778,0.0751747,0.0734349,0.0715601,0.0695521,0.0674133,0.0651462,0.0627537,0.0602393,0.057607,0.0548605,0.0520042,0.0490429,0.0459818,0.0428263,0.0395823,0.0362559,0.0328535,0.029382,0.0258482,0.0222594,0.0186231,0.0149469,0.0112385,0.00750582,0.00375698,0,0,0,0,0,0,0,0,0,0,0,0,0,0,0,0,0,0,0
0.00295972,0.00591719,0.00887018,0.0118165,0.0147537,0.0176797,0.0205921,0.0234884,0.0263662,0.0292231,0.0320564,0.0348636,0.0376419,0.0403885,0.0431005,0.045775,0.048409,0.0509993,0.0535427,0.0560359,0.0584755,0.0608581,0.06318,0.0654378,0.0676277,0.069746,0.071789,0.0737527,0.0756334,0.0774273,0.0791303,0.0807388,0.0822488,0.0836564,0.084958,0.0861498,0.0872283,0.0881897,0.0890307,0.0897479,0.0903382,0.0907985,0.0911259,0.0913177,0.0913713,0.0912845,0.0910551,0.0906814,0.0901616,0.0894945,0.088679,0.0877143,0.0866,0.0853358,0.0839221,0.0823592,0.0806481,0.07879,0.0767864,0.0746394,0.0723514,0.069925,0.0673634,0.0646703,0.0618499,0.0589061,0.0558437,0.0526679,0.0493842,0.0459984,0.0425169,0.0389462,0.0352934,0.0315656,0.0277704,0.0239157,0.0200095,0.01606,0.0120757,0.00806511,0.00403696,0,0,0,0,0,0,0,0,0,0,0,0,0,0,0,0,0,0,0
0.00314855,0.00629476,0.00943632,0.0125709,0.0156961,0.0188096,0.0219088,0.0249914,0.0280548,0.0310962,0.0341132,0.0371028,0.0400622,0.0429885,0.0458787,0.0487296,0.051538,0.0543006,0.057014,0.0596746,0.0622789,0.0648231,0.0673035,0.0697162,0.0720574,0.0743229,0.0765088,0.0786109,0.0806252,0.0825474,0.0843734,0.086099,0.0877202,0.0892327,0.0906325,0.0919155,0.0930779,0.0941158,0.0950254,0.0958031,0.0964455,0.0969493,0.0973112,0.0975283,0.0975979,0.0975174,0.0972846,0.0968973,0.0963539,0.0956528,0.0947928,0.093773,0.0925928,0.0912521,0.0897509,0.0880898,0.0862696,0.0842915,0.0821572,0.0798688,0.0774287,0.0748399,0.0721056,0.0692297,0.0662168,0.063071,0.0597974,0.0564014,0.0528891,0.0492668,0.0455411,0.0417192,0.0378085,0.0338169,0.0297525,0.0256238,0.0214393,0.0172081,0.0129393,0.00864203,0.00432578,0,0,0,0,0,0,0,0,0,0,0,0,0,0,0,0,0,0,0
0.00333974,0.00667706,0.0100096,0.0133349,0.0166505,0.0199539,0.0232426,0.0265141,0.0297656,0.0329944,0.0361978,0.0393727,0.0425163,0.0456255,0.0486969,0.0517275,0.0547137,0.057652,0.0605389,0.0633705,0.0661432,0.0688529,0.0714957,0.0740673,0.0765637,0.0789805,0.0813135,0.0835581,0.0857101,0.0877649,0.089718,0.0915651,0.0933015,0.0949229,0.0964249,0.0978032,0.0990534,0.100171,0.101153,0.101995,0.102693,0.103243,0.103643,0.103888,0.103976,0.103904,0.10367,0.103271,0.102705,0.101971,0.101068,0.0999932,0.0987475,0.09733,0.0957409,0.0939806,0.09205,0.0899502,0.0876831,0.0852508,0.0826558,0.0799012,0.0769904,0.0739275,0.0707174,0.0673644,0.063874,0.060252,0.0565048,0.0526391,0.0486621,0.0445814,0.040405,0.0361414,0.0317993,0.0273878,0.0229162,0.0183941,0.0138314,0.00923803,0.00462416,0,0,0,0,0,0,0,0,0,0,0,0,0,0,0,0,0,0,0
0.00353337,0.00706426,0.0105902,0.0141087,0.0176172,0.0211132,0.0245941,0.0280571,0.0314996,0.0349186,0.0383113,0.0416747,0.0450055,0.0483007,0.0515568,0.0547704,0.057938,0.0610557,0.0641199,0.0671265,0.0700715,0.0729507,0.07576,0.0784948,0.0811507,0.0837232,0.0862076,0.0885993,0.0908934,0.0930853,0.0951701,0.097143,0.0989992,0.100734,0.102343,0.10382,0.105162,0.106365,0.107423,0.108332,0.109089,0.109689,0.110129,0.110406,0.110515,0.110455,0.110221,0.109812,0.109226,0.108461,0.107514,0.106386,0.105075,0.103581,0.101903,0.100043,0.0980006,0.0957775,0.0933754,0.0907965,0.0880435,0.0851195,0.0820283,0.0787739,0.0753616,0.0717961,0.068083,0.0642286,0.0602396,0.0561233,0.0518872,0.0475397,0.0430892,0.0385448,0.0339159,0.0292122,0.0244437,0.0196209,0.0147543,0.00985463,0.00493286,0,0,0,0,0,0,0,0,0,0,0,0,0,0,0,0,0,0,0
0.00372952,0.00745649,0.0111784,0.0148927,0.0185968,0.022288,0.0259637,0.0296211,0.0332574,0.0368696,0.0404548,0.0440097,0.0475311,0.0510157,0.05446,0.0578603,0.0612129,0.0645139,0.0677594,0.070945,0.0740666,0.0771197,0.0800998,0.0830023,0.0858223,0.0885552,0.0911958,0.0937392,0.0961804,0.0985142,0.100735,0.102839,0.10482,0.106673,0.108392,0.109974,0.111413,0.112704,0.113842,0.114824,0.115643,0.116297,0.116782,0.117092,0.117226,0.117179,0.116949,0.116533,0.115928,0.115132,0.114145,0.112963,0.111587,0.110016,0.10825,0.106289,0.104133,0.101785,0.0992457,0.0965175,0.0936033,0.0905062,0.0872302,0.0837797,0.08016,0.0763761,0.072434,0.0683404,0.0641025,0.0597277,0.0552245,0.0506015,0.0458678,0.0410332,0.0361076,0.0311016,0.0260259,0.0208917,0.0157103,0.0104934,0.00525268,0,0,0,0,0,0,0,0,0,0,0,0,0,0,0,0,0,0,0
0.00392823,0.00785388,0.0117744,0.0156871,0.0195894,0.0234786,0.027352,0.0312067,0.0350398,0.0388483,0.0426291,0.0463788,0.0500943,0.0537718,0.0574079,0.0609988,0.0645404,0.0680287,0.0714596,0.0748286,0.0781312,0.0813627,0.0845184,0.0875934,0.0905825,0.0934806,0.0962824,0.0989827,0.101576,0.104057,0.10642,0.108659,0.11077,0.112746,0.114582,0.116273,0.117813,0.119197,0.12042,0.121478,0.122365,0.123077,0.123609,0.123958,0.124119,0.124089,0.123865,0.123443,0.122822,0.121998,0.12097,0.119736,0.118296,0.116648,0.114793,0.11273,0.11046,0.107985,0.105306,0.102426,0.0993469,0.0960729,0.0926078,0.088956,0.0851234,0.0811151,0.0769374,0.0725974,0.0681027,0.0634614,0.0586822,0.0537744,0.0487479,0.0436128,0.0383801,0.0330609,0.0276669,0.0222098,0.0167021,0.0111561,0.00558447,0,0,0,0,0,0,0,0,0,0,0,0,0,0,0,0,0,0,0
0.00412957,0.00825652,0.0123782,0.0164921,0.0205954,0.0246854,0.0287594,0.0328143,0.0368473,0.0408553,0.0448349,0.048783,0.052696,0.0565702,0.060402,0.0641873,0.0679221,0.071602,0.0752228,0.0787797,0.082268,0.0856828,0.0890191,0.0922715,0.0954348,0.0985035,0.101472,0.104335,0.107086,0.109719,0.112229,0.11461,0.116856,0.11896,0.120918,0.122723,0.12437,0.125852,0.127166,0.128304,0.129263,0.130037,0.130621,0.131012,0.131204,0.131194,0.130979,0.130555,0.129919,0.129069,0.128002,0.126718,0.125213,0.123489,0.121544,0.119379,0.116993,0.11439,0.111569,0.108534,0.105287,0.101832,0.098173,0.0943149,0.0902634,0.0860242,0.081604,0.07701,0.0722503,0.0673336,0.0622691,0.0570667,0.0517369,0.0462906,0.0407395,0.0350955,0.029371,0.0235789,0.0177323,0.0118445,0.00592915,0,0,0,0,0,0,0,0,0,0,0,0,0,0,0,0,0,0,0
0.00433356,0.00866448,0.0129901,0.0173079,0.021615,0.0259087,0.0301861,0.0344444,0.0386804,0.0428911,0.0470731,0.051223,0.0553372,0.0594119,0.0634433,0.0674273,0.0713595,0.0752356,0.0790508,0.0828005,0.0864795,0.0900827,0.0936047,0.0970401,0.100383,0.103628,0.106769,0.1098,0.112714,0.115506,0.118169,0.120697,0.123084,0.125323,0.127409,0.129334,0.131093,0.132679,0.134088,0.135312,0.136348,0.137188,0.137829,0.138266,0.138493,0.138507,0.138304,0.13788,0.137232,0.136358,0.135254,0.13392,0.132353,0.130552,0.128517,0.126249,0.123747,0.121013,0.118048,0.114855,0.111436,0.107796,0.103938,0.0998685,0.0955922,0.0911154,0.0864451,0.081589,0.0765557,0.0713542,0.0659945,0.060487,0.0548428,0.0490738,0.0431922,0.0372109,0.0311431,0.0250027,0.0188037,0.0125605,0.00628768,0,0,0,0,0,0,0,0,0,0,0,0,0,0,0,0,0,0,0
0.00454023,0.00907781,0.0136101,0.0181345,0.0226482,0.0271485,0.0316324,0.0360971,0.0405394,0.0449562,0.049344,0.0536993,0.0580186,0.0622978,0.066533,0.0707199,0.0748541,0.0789309,0.0829456,0.086893,0.0907679,0.0945649,0.0982783,0.101902,0.105431,0.108858,0.112177,0.115382,0.118466,0.121423,0.124246,0.126928,0.129462,0.131842,0.134061,0.136112,0.137989,0.139686,0.141195,0.142511,0.143628,0.144541,0.145243,0.14573,0.145997,0.146039,0.145851,0.145431,0.144774,0.143878,0.142739,0.141356,0.139727,0.137851,0.135726,0.133354,0.130734,0.127867,0.124756,0.121402,0.117808,0.113979,0.109918,0.10563,0.101123,0.0964009,0.0914728,0.0863461,0.0810299,0.0755338,0.0698683,0.0640444,0.0580742,0.05197,0.045745,0.039413,0.0329882,0.0264853,0.0199195,0.0133062,0.0066611,0,0,0,0,0,0,0,0,0,0,0,0,0,0,0,0,0,0,0
0.00474957,0.00949652,0.0142382,0.018972,0.0236952,0.028405,0.0330985,0.0377727,0.0424246,0.0470508,0.051648,0.0562126,0.0607408,0.0652286,0.0696718,0.0740662,0.0784071,0.0826896,0.0869087,0.0910592,0.0951356,0.099132,0.103043,0.106861,0.110582,0.114197,0.117701,0.121087,0.124348,0.127476,0.130465,0.133307,0.135996,0.138523,0.140882,0.143066,0.145068,0.146881,0.148497,0.149911,0.151116,0.152106,0.152875,0.153417,0.153727,0.153801,0.153633,0.15322,0.152557,0.151641,0.15047,0.14904,0.14735,0.145399,0.143185,0.140708,0.137969,0.134969,0.131708,0.12819,0.124418,0.120394,0.116124,0.111613,0.106868,0.101894,0.0966998,0.0912936,0.0856848,0.0798836,0.0739011,0.067749,0.06144,0.0549874,0.0484053,0.0417082,0.0349116,0.0280311,0.021083,0.0140839,0.00705052,0,0,0,0,0,0,0,0,0,0,0,0,0,0,0,0,0,0,0
0.00496158,0.00992057,0.0148744,0.0198204,0.0247559,0.0296781,0.0345842,0.0394712,0.0443359,0.0491752,0.0539854,0.058763,0.0635041,0.0682047,0.0728605,0.077467,0.0820194,0.0865127,0.0909417,0.0953008,0.0995843,0.103786,0.1079,0.11192,0.115839,0.11965,0.123345,0.126919,0.130363,0.13367,0.136832,0.139842,0.142692,0.145374,0.147881,0.150205,0.152338,0.154273,0.156003,0.157521,0.15882,0.159893,0.160734,0.161337,0.161696,0.161807,0.161663,0.16126,0.160594,0.159662,0.15846,0.156986,0.155236,0.153211,0.150907,0.148326,0.145467,0.142331,0.138919,0.135234,0.131279,0.127057,0.122573,0.117833,0.112842,0.107609,0.10214,0.0964446,0.0905329,0.0844155,0.078104,0.0716111,0.0649499,0.0581349,0.0511808,0.0441035,0.0369192,0.0296448,0.0222977,0.0148958,0.00745714,0,0,0,0,0,0,0,0,0,0,0,0,0,0,0,0,0,0,0
0.00517623,0.0103499,0.0155185,0.0206795,0.0258301,0.0309678,0.0360895,0.0411924,0.0462734,0.0513291,0.0563561,0.0613506,0.0663089,0.0712266,0.0760995,0.0809229,0.0856919,0.0904014,0.0950457,0.0996193,0.104116,0.10853,0.112854,0.117081,0.121205,0.125218,0.129113,0.132882,0.136517,0.14001,0.143354,0.146539,0.149558,0.152403,0.155065,0.157536,0.159808,0.161873,0.163724,0.165353,0.166752,0.167914,0.168834,0.169503,0.169916,0.170068,0.169952,0.169564,0.1689,0.167954,0.166725,0.165208,0.163401,0.161302,0.15891,0.156224,0.153244,0.14997,0.146405,0.14255,0.138409,0.133984,0.12928,0.124304,0.119061,0.11356,0.107807,0.101813,0.0955875,0.0891422,0.0824892,0.0756419,0.0686144,0.0614218,0.0540801,0.046606,0.0390171,0.0313313,0.0235675,0.0157446,0.00788224,0,0,0,0,0,0,0,0,0,0,0,0,0,0,0,0,0,0,0
0.00539345,0.0107844,0.0161705,0.0215491,0.0269177,0.0322737,0.0376141,0.0429362,0.0482367,0.0535125,0.0587599,0.0639754,0.0691549,0.0742943,0.079389,0.0844343,0.0894252,0.0943562,0.0992217,0.104016,0.108732,0.113364,0.117905,0.122347,0.126684,0.130907,0.135008,0.13898,0.142814,0.146502,0.150035,0.153404,0.1566,0.159615,0.162441,0.165067,0.167486,0.169689,0.171668,0.173415,0.174922,0.176181,0.177185,0.177927,0.1784,0.178598,0.178516,0.178148,0.177488,0.176533,0.175279,0.173721,0.171858,0.169688,0.167207,0.164417,0.161315,0.157903,0.154182,0.150155,0.145822,0.14119,0.136261,0.131042,0.12554,0.119762,0.113717,0.107413,0.100863,0.0940773,0.0870695,0.0798536,0.0724445,0.0648584,0.0571122,0.0492239,0.0412121,0.0330962,0.0248964,0.0166331,0.00832722,0,0,0,0,0,0,0,0,0,0,0,0,0,0,0,0,0,0,0
0.00561318,0.011224,0.0168301,0.022429,0.0280183,0.0335954,0.0391576,0.044702,0.0502254,0.0557248,0.0611965,0.0666369,0.072042,0.0774075,0.0827289,0.0880012,0.0932193,0.0983777,0.10347,0.108491,0.113434,0.118291,0.123056,0.127721,0.132277,0.136718,0.141035,0.145218,0.14926,0.153151,0.156881,0.160443,0.163825,0.16702,0.170017,0.172808,0.175382,0.177731,0.179847,0.18172,0.183342,0.184704,0.1858,0.186621,0.18716,0.187411,0.187368,0.187023,0.186373,0.185413,0.184137,0.182542,0.180626,0.178385,0.175817,0.172922,0.169698,0.166147,0.162268,0.158064,0.153538,0.148693,0.143534,0.138066,0.132297,0.126234,0.119885,0.113262,0.106374,0.0992354,0.0918587,0.084259,0.0764523,0.0684555,0.0602869,0.0519655,0.0435114,0.0349454,0.026289,0.0175642,0.00879359,0,0,0,0,0,0,0,0,0,0,0,0,0,0,0,0,0,0,0
0.00583531,0.0116684,0.017497,0.0233188,0.0291315,0.0349326,0.0407194,0.0464891,0.0522389,0.0579654,0.0636652,0.0693346,0.0749696,0.0805659,0.0861188,0.0916234,0.0970744,0.102466,0.107792,0.113047,0.118222,0.123312,0.128308,0.133203,0.137989,0.142656,0.147196,0.1516,0.155858,0.159961,0.163899,0.167662,0.17124,0.174624,0.177802,0.180766,0.183505,0.186009,0.18827,0.190278,0.192023,0.193497,0.194692,0.195599,0.196211,0.196521,0.196522,0.196207,0.195571,0.194609,0.193316,0.191687,0.189719,0.18741,0.184756,0.181757,0.178411,0.174719,0.17068,0.166298,0.161574,0.156512,0.151116,0.145393,0.139349,0.132991,0.12633,0.119375,0.112138,0.104632,0.0968716,0.0888722,0.0806506,0.072225,0.0636148,0.0548403,0.045923,0.0368852,0.02775,0.0185412,0.00928299,0,0,0,0,0,0,0,0,0,0,0,0,0,0,0,0,0,0,0
0.00605972,0.0121174,0.0181708,0.024218,0.0302566,0.0362843,0.0422987,0.0482969,0.0542762,0.0602334,0.066165,0.0720675,0.0779368,0.0837685,0.0895581,0.0953004,0.10099,0.106621,0.112187,0.117682,0.123098,0.128428,0.133664,0.138797,0.14382,0.148722,0.153495,0.158129,0.162613,0.166938,0.171093,0.175068,0.178852,0.182434,0.185804,0.188951,0.191864,0.194533,0.196948,0.199099,0.200976,0.202571,0.203872,0.204874,0.205566,0.205941,0.205993,0.205714,0.205098,0.204139,0.202832,0.201172,0.199157,0.196781,0.194043,0.19094,0.187472,0.183638,0.179438,0.174875,0.169949,0.164666,0.159028,0.153042,0.146715,0.140054,0.133069,0.125771,0.118171,0.110284,0.102124,0.0937081,0.0850535,0.0761798,0.0671074,0.0578584,0.0484554,0.0389227,0.0292849,0.0195677,0.00979722,0,0,0,0,0,0,0,0,0,0,0,0,0,0,0,0,0,0,0
0.00628626,0.0125706,0.0188512,0.025126,0.031393,0.0376499,0.0438946,0.0501243,0.0563363,0.0625276,0.0686948,0.0748344,0.0809424,0.0870144,0.0930457,0.0990311,0.104965,0.110842,0.116655,0.122397,0.128061,0.133639,0.139123,0.144504,0.149772,0.15492,0.159935,0.164808,0.169529,0.174087,0.17847,0.182667,0.186667,0.190459,0.194031,0.197371,0.200469,0.203313,0.205893,0.208197,0.210215,0.211938,0.213356,0.214459,0.215239,0.215688,0.215797,0.215559,0.214968,0.214018,0.212702,0.211016,0.208955,0.206516,0.203695,0.200491,0.196901,0.192924,0.188562,0.183815,0.178685,0.173175,0.167289,0.161034,0.154415,0.147442,0.140123,0.132469,0.124494,0.11621,0.107634,0.0987831,0.0896761,0.0803336,0.0707773,0.0610306,0.051118,0.0410654,0.0308994,0.0206476,0.0103382,0,0,0,0,0,0,0,0,0,0,0,0,0,0,0,0,0,0,0
0.00651473,0.0130278,0.0195375,0.0260421,0.0325397,0.0390283,0.0455058,0.0519698,0.0584177,0.0648465,0.0712531,0.0776338,0.0839849,0.0903019,0.0965801,0.102814,0.108999,0.115128,0.121195,0.127192,0.133111,0.138946,0.144687,0.150324,0.155849,0.16125,0.166518,0.171642,0.176611,0.181412,0.186034,0.190465,0.194693,0.198706,0.202491,0.206036,0.20933,0.21236,0.215114,0.217582,0.219752,0.221613,0.223156,0.22437,0.225246,0.225775,0.225949,0.22576,0.225201,0.224264,0.222945,0.221236,0.219134,0.216634,0.213733,0.210428,0.206717,0.202598,0.198072,0.193139,0.187801,0.182061,0.175922,0.16939,0.162472,0.155177,0.147512,0.139491,0.131124,0.122429,0.113419,0.104115,0.0945351,0.0847017,0.0746381,0.0643691,0.0539211,0.0433217,0.0325998,0.0217851,0.0109082,0,0,0,0,0,0,0,0,0,0,0,0,0,0,0,0,0,0,0
0.00674493,0.0134884,0.0202291,0.0269654,0.0336957,0.0404182,0.0471311,0.0538321,0.0605188,0.0671884,0.0738379,0.0804638,0.0870624,0.0936292,0.10016,0.106648,0.11309,0.119478,0.125805,0.132065,0.138249,0.144348,0.150355,0.156259,0.162049,0.167716,0.173248,0.178634,0.183861,0.188917,0.193791,0.198468,0.202936,0.207182,0.211192,0.214955,0.218456,0.221683,0.224624,0.227267,0.229599,0.231609,0.233287,0.234621,0.235602,0.23622,0.236467,0.236333,0.235812,0.234896,0.233578,0.231852,0.229713,0.227156,0.224177,0.220774,0.216942,0.212681,0.207991,0.20287,0.197321,0.191346,0.184949,0.178134,0.170909,0.163281,0.15526,0.146857,0.138086,0.128961,0.119501,0.109722,0.0996482,0.0893007,0.0787047,0.067887,0.0568758,0.0457008,0.0343932,0.0229851,0.0115095,0,0,0,0,0,0,0,0,0,0,0,0,0,0,0,0,0,0,0
0.00697659,0.0139521,0.0209252,0.0278949,0.0348598,0.0418183,0.0487688,0.0557093,0.0626376,0.0695512,0.0764471,0.0833221,0.0901724,0.0969939,0.103782,0.110531,0.117235,0.123889,0.130485,0.137015,0.143472,0.149846,0.156128,0.162308,0.168375,0.174318,0.180126,0.185785,0.191284,0.196608,0.201745,0.206682,0.211403,0.215895,0.220144,0.224137,0.227858,0.231296,0.234435,0.237264,0.23977,0.24194,0.243762,0.245227,0.246322,0.247039,0.247366,0.247296,0.24682,0.245931,0.24462,0.242882,0.240711,0.238101,0.235048,0.231548,0.227598,0.223196,0.218341,0.213031,0.207269,0.201056,0.194394,0.18729,0.179749,0.17178,0.163391,0.154593,0.145402,0.135831,0.1259,0.115627,0.105035,0.0941486,0.0829936,0.0715988,0.0599945,0.0482128,0.0362872,0.0242526,0.0121447,0,0,0,0,0,0,0,0,0,0,0,0,0,0,0,0,0,0,0
0.00720943,0.0144181,0.0216251,0.0288296,0.0360306,0.0432268,0.050417,0.0575993,0.0647719,0.0719324,0.0790781,0.086206,0.0933123,0.100393,0.107444,0.114459,0.121433,0.12836,0.135231,0.14204,0.148779,0.155436,0.162004,0.168471,0.174827,0.181058,0.187153,0.193099,0.198882,0.204488,0.209903,0.215112,0.220101,0.224853,0.229355,0.233591,0.237547,0.241207,0.244559,0.247587,0.250278,0.252619,0.254599,0.256204,0.257424,0.258248,0.258665,0.258667,0.258244,0.257388,0.256092,0.254348,0.252149,0.249491,0.246367,0.242774,0.238708,0.234166,0.229146,0.223647,0.217669,0.211214,0.204284,0.196884,0.18902,0.180699,0.17193,0.162725,0.153097,0.143063,0.132641,0.121851,0.110718,0.0992653,0.0875229,0.0755206,0.063291,0.0508689,0.0382905,0.0255934,0.0128168,0,0,0,0,0,0,0,0,0,0,0,0,0,0,0,0,0,0,0
0.00744312,0.0148858,0.0223276,0.0297681,0.0372064,0.0446419,0.0520734,0.0594996,0.0669188,0.074329,0.0817277,0.0891121,0.0964788,0.103824,0.111142,0.11843,0.12568,0.132886,0.140042,0.147138,0.154167,0.161119,0.167983,0.174748,0.181404,0.187936,0.194332,0.200578,0.206659,0.212561,0.218269,0.223766,0.229036,0.234064,0.238833,0.243328,0.247532,0.251431,0.255007,0.258248,0.261138,0.263663,0.265811,0.267568,0.268923,0.269865,0.270382,0.270464,0.270103,0.269289,0.268013,0.266269,0.264049,0.261348,0.258158,0.254475,0.250296,0.245615,0.240431,0.234743,0.228548,0.221849,0.214646,0.206945,0.198749,0.190067,0.180907,0.17128,0.1612,0.150684,0.13975,0.12842,0.116719,0.104673,0.0923124,0.0796699,0.0667805,0.0536816,0.0404125,0.0270141,0.0135289,0,0,0,0,0,0,0,0,0,0,0,0,0,0,0,0,0,0,0
0.00767727,0.0153545,0.0230318,0.0307089,0.0383855,0.0460614,0.0537357,0.0614075,0.0690754,0.0767378,0.0843925,0.0920369,0.0996678,0.107281,0.114873,0.122439,0.129971,0.137465,0.144912,0.152305,0.159634,0.16689,0.174062,0.181137,0.188105,0.194951,0.201662,0.208223,0.214618,0.220831,0.226847,0.232647,0.238216,0.243535,0.248588,0.253358,0.257826,0.261977,0.265794,0.269262,0.272364,0.275087,0.277415,0.279337,0.280839,0.281908,0.282535,0.282708,0.282416,0.281652,0.280405,0.278668,0.276434,0.273694,0.270443,0.266675,0.262386,0.25757,0.252224,0.246345,0.239933,0.232987,0.225509,0.2175,0.208967,0.199914,0.190351,0.180289,0.169741,0.158724,0.147256,0.135362,0.123065,0.110396,0.0973844,0.0840665,0.0704799,0.0566647,0.0426638,0.0285218,0.0142848,0,0,0,0,0,0,0,0,0,0,0,0,0,0,0,0,0,0,0
0.00791147,0.0158234,0.0237362,0.0316503,0.0395659,0.0474829,0.055401,0.0633198,0.0712383,0.0791551,0.0870685,0.0949761,0.102875,0.110762,0.118632,0.126481,0.134303,0.142092,0.149839,0.157537,0.165176,0.172747,0.180238,0.187636,0.19493,0.202104,0.209144,0.216035,0.222759,0.229301,0.235641,0.241763,0.247647,0.253275,0.258629,0.26369,0.268439,0.27286,0.276933,0.280643,0.283972,0.286906,0.289429,0.291528,0.293188,0.294397,0.295144,0.295417,0.295205,0.294499,0.293289,0.291567,0.289324,0.286553,0.283247,0.279399,0.275004,0.270055,0.26455,0.258483,0.251854,0.24466,0.236903,0.228582,0.219704,0.210272,0.200295,0.189784,0.178751,0.167214,0.155191,0.142706,0.129786,0.11646,0.102763,0.0887324,0.074408,0.0598339,0.0450565,0.0301245,0.0150885,0,0,0,0,0,0,0,0,0,0,0,0,0,0,0,0,0,0,0
0.00814526,0.0162915,0.0244397,0.0325906,0.0407451,0.0489036,0.0570662,0.065233,0.0734034,0.0815766,0.089751,0.0979249,0.106095,0.11426,0.122413,0.130552,0.13867,0.14676,0.154816,0.162829,0.170789,0.178685,0.186507,0.194242,0.201875,0.209392,0.216778,0.224015,0.231086,0.237973,0.244656,0.251117,0.257336,0.263291,0.268965,0.274335,0.279384,0.284091,0.288437,0.292406,0.295978,0.299138,0.30187,0.304158,0.30599,0.307351,0.308229,0.308612,0.30849,0.307851,0.306687,0.304988,0.302745,0.29995,0.296594,0.292672,0.288176,0.2831,0.277438,0.271186,0.264341,0.256899,0.24886,0.240225,0.230996,0.221177,0.210776,0.199802,0.188267,0.17619,0.163588,0.150486,0.136912,0.122897,0.108477,0.0936921,0.0785862,0.0632067,0.047604,0.0318315,0.0159445,0,0,0,0,0,0,0,0,0,0,0,0,0,0,0,0,0,0,0
0.00837811,0.0167578,0.0251405,0.0335277,0.0419207,0.0503205,0.0587278,0.0671432,0.0755665,0.0839974,0.092435,0.100878,0.109323,0.117769,0.126211,0.134645,0.143065,0.151465,0.159838,0.168175,0.176466,0.1847,0.192866,0.20095,0.208938,0.216814,0.224562,0.232163,0.239599,0.24685,0.253896,0.260716,0.267289,0.273592,0.279605,0.285305,0.290672,0.295684,0.300322,0.304566,0.308398,0.3118,0.314755,0.317248,0.319264,0.320789,0.32181,0.322315,0.322293,0.321732,0.320622,0.318955,0.316719,0.313907,0.310511,0.306521,0.30193,0.296731,0.290918,0.284484,0.277425,0.269736,0.261416,0.252463,0.242878,0.232665,0.22183,0.21038,0.198328,0.18569,0.172486,0.15874,0.144479,0.129739,0.114556,0.0989733,0.0830384,0.0668027,0.0503215,0.033653,0.0168583,0,0,0,0,0,0,0,0,0,0,0,0,0,0,0,0,0,0,0
0.00860945,0.0172211,0.025837,0.0344593,0.0430899,0.0517303,0.060382,0.0690459,0.0777227,0.0864124,0.0951147,0.103828,0.112552,0.121283,0.130018,0.138752,0.147481,0.156199,0.164897,0.173568,0.182201,0.190785,0.199308,0.207757,0.216115,0.224366,0.232494,0.240478,0.248298,0.255935,0.263364,0.270565,0.277513,0.284185,0.290559,0.29661,0.302316,0.307654,0.312603,0.317141,0.32125,0.324911,0.328105,0.330817,0.333031,0.334733,0.335909,0.336547,0.336636,0.336162,0.335118,0.333491,0.331272,0.328452,0.325022,0.320972,0.316293,0.310979,0.305019,0.298408,0.291139,0.283206,0.274605,0.265333,0.255391,0.244778,0.233499,0.221561,0.208976,0.195758,0.181927,0.167507,0.152528,0.137024,0.121035,0.104607,0.0877918,0.0706447,0.0532263,0.0356008,0.0178356,0,0,0,0,0,0,0,0,0,0,0,0,0,0,0,0,0,0,0
0.00883866,0.0176802,0.0265274,0.035383,0.0442495,0.0531293,0.0620244,0.0709364,0.0798665,0.0888156,0.0977837,0.10677,0.115774,0.124794,0.133826,0.142866,0.151911,0.160953,0.169985,0.178999,0.187986,0.196932,0.205827,0.214654,0.223399,0.232045,0.240571,0.248958,0.257184,0.265227,0.273063,0.280667,0.288015,0.29508,0.301838,0.308262,0.31433,0.320015,0.325295,0.330148,0.334553,0.33849,0.34194,0.344886,0.347313,0.349205,0.350549,0.351332,0.351541,0.351167,0.350196,0.34862,0.346428,0.343609,0.340154,0.336052,0.331295,0.325872,0.319774,0.312993,0.305519,0.297346,0.288467,0.278877,0.268574,0.257557,0.245827,0.233391,0.220258,0.20644,0.191958,0.176835,0.161102,0.144793,0.127953,0.110629,0.0928772,0.0747582,0.0563383,0.0376885,0.0188834,0,0,0,0,0,0,0,0,0,0,0,0,0,0,0,0,0,0,0
0.00906506,0.0181337,0.0272095,0.0362959,0.0453962,0.0545135,0.0636503,0.0728093,0.0819921,0.0912004,0.100435,0.109696,0.118982,0.128293,0.137626,0.146978,0.156344,0.165718,0.175093,0.184461,0.193812,0.203134,0.212413,0.221636,0.230786,0.239843,0.248789,0.2576,0.266255,0.274729,0.282995,0.291028,0.2988,0.306284,0.313451,0.320274,0.326727,0.332783,0.338417,0.343605,0.348326,0.352557,0.35628,0.359476,0.36213,0.364227,0.365751,0.366691,0.367034,0.366768,0.365883,0.364368,0.362212,0.359404,0.355934,0.351791,0.346964,0.341442,0.335214,0.32827,0.3206,0.312193,0.30304,0.293136,0.282473,0.271049,0.258864,0.245919,0.232223,0.217788,0.202631,0.186775,0.170251,0.153096,0.135355,0.11708,0.0983301,0.0791727,0.0596803,0.0399317,0.0200096,0,0,0,0,0,0,0,0,0,0,0,0,0,0,0,0,0,0,0
0.00928791,0.0185802,0.0278812,0.0371953,0.0465264,0.0558784,0.0652548,0.0746588,0.084093,0.0935597,0.10306,0.112596,0.122167,0.131772,0.141409,0.151077,0.160769,0.170482,0.180209,0.189941,0.199668,0.209378,0.219059,0.228694,0.238266,0.247755,0.257142,0.266401,0.275509,0.284439,0.293163,0.301652,0.309876,0.317806,0.32541,0.332659,0.339523,0.345975,0.351986,0.357532,0.362589,0.367134,0.371148,0.374611,0.377508,0.379822,0.38154,0.382649,0.383136,0.382991,0.382202,0.380758,0.378649,0.375863,0.372388,0.368214,0.363329,0.357719,0.351372,0.344276,0.336418,0.327786,0.318368,0.308153,0.297135,0.285305,0.27266,0.2592,0.24493,0.229859,0.214002,0.197383,0.180032,0.161985,0.143291,0.124005,0.104191,0.0839222,0.0632789,0.0423484,0.0212233,0,0,0,0,0,0,0,0,0,0,0,0,0,0,0,0,0,0,0
0.00950641,0.0190181,0.0285402,0.0380778,0.047636,0.0572193,0.0668322,0.0764786,0.0861621,0.0958858,0.105652,0.115462,0.125318,0.135219,0.145164,0.155151,0.165176,0.175235,0.185321,0.195427,0.205542,0.215654,0.225751,0.235815,0.245829,0.255773,0.265623,0.275355,0.284943,0.294357,0.303567,0.312542,0.321249,0.329655,0.337726,0.34543,0.352734,0.359608,0.366023,0.371951,0.377366,0.382245,0.386568,0.390315,0.393469,0.396015,0.39794,0.399229,0.399873,0.399859,0.399177,0.397816,0.395764,0.393011,0.389544,0.385352,0.380419,0.374734,0.368281,0.361046,0.353012,0.344166,0.334492,0.323977,0.312609,0.300376,0.287272,0.273292,0.258437,0.242715,0.226137,0.208725,0.190507,0.171523,0.15182,0.131459,0.110507,0.0890465,0.0671648,0.0449598,0.0225354,0,0,0,0,0,0,0,0,0,0,0,0,0,0,0,0,0,0,0
0.00971972,0.0194456,0.0291837,0.0389402,0.0487208,0.0585311,0.0683765,0.0782618,0.0881917,0.09817,0.1082,0.118284,0.128425,0.138623,0.148877,0.159187,0.16955,0.179961,0.190416,0.200905,0.21142,0.221948,0.232477,0.242989,0.253465,0.263885,0.274224,0.284456,0.294552,0.304481,0.314209,0.323702,0.332925,0.34184,0.350411,0.358602,0.366377,0.373703,0.380549,0.386883,0.39268,0.397915,0.402565,0.406613,0.41004,0.412832,0.414976,0.416458,0.417269,0.417398,0.416833,0.415565,0.413583,0.410874,0.407428,0.403229,0.398265,0.392518,0.385974,0.378614,0.370421,0.361375,0.35146,0.340656,0.328948,0.31632,0.30276,0.288259,0.272814,0.256427,0.239107,0.220873,0.20175,0.181779,0.161009,0.139502,0.117334,0.0945916,0.0713742,0.0477907,0.0239584,0,0,0,0,0,0,0,0,0,0,0,0,0,0,0,0,0,0,0
0.00992691,0.0198609,0.0298092,0.0397786,0.0497761,0.0598083,0.0698813,0.0800012,0.0901735,0.100403,0.110694,0.121051,0.131476,0.141971,0.152536,0.163172,0.173877,0.184646,0.195476,0.206359,0.217285,0.228244,0.23922,0.250199,0.261159,0.27208,0.282934,0.293695,0.30433,0.314806,0.325087,0.335135,0.34491,0.354371,0.363478,0.372191,0.380471,0.388281,0.395587,0.402355,0.408558,0.41417,0.419168,0.423533,0.427248,0.4303,0.432674,0.434361,0.435349,0.43563,0.435194,0.43403,0.432129,0.429478,0.426065,0.421875,0.416893,0.411102,0.404484,0.397017,0.388682,0.379456,0.369316,0.358241,0.346208,0.333197,0.319189,0.304172,0.288134,0.271073,0.252993,0.233908,0.213843,0.192835,0.170934,0.148207,0.124735,0.100612,0.0759499,0.0508707,0.0255073,0,0,0,0,0,0,0,0,0,0,0,0,0,0,0,0,0,0,0
0.010127,0.0202622,0.0304136,0.0405893,0.0507972,0.0610449,0.0713397,0.0816888,0.0920985,0.102575,0.113124,0.12375,0.134457,0.145249,0.156126,0.16709,0.178139,0.189273,0.200485,0.21177,0.223119,0.234522,0.245964,0.257428,0.268895,0.280341,0.291739,0.30306,0.314268,0.325328,0.3362,0.346842,0.357209,0.367258,0.376941,0.386216,0.395037,0.403366,0.411163,0.418394,0.425029,0.43104,0.436405,0.441105,0.445123,0.448445,0.451062,0.452963,0.454139,0.454582,0.454284,0.453235,0.451426,0.448845,0.445479,0.441314,0.436332,0.430515,0.423842,0.416291,0.407836,0.398451,0.38811,0.376784,0.364447,0.35107,0.33663,0.321105,0.304478,0.286738,0.267885,0.247925,0.226879,0.204783,0.181686,0.157658,0.132785,0.107173,0.0809428,0.0542349,0.0272003,0,0,0,0,0,0,0,0,0,0,0,0,0,0,0,0,0,0,0
0.010319,0.0206473,0.0309939,0.0413681,0.0517788,0.0622348,0.0727445,0.0833161,0.0939574,0.104676,0.115478,0.126369,0.137356,0.148442,0.15963,0.170922,0.18232,0.193821,0.205422,0.217118,0.228902,0.240763,0.252687,0.264657,0.276654,0.288652,0.300624,0.312538,0.324357,0.336041,0.347546,0.358825,0.36983,0.380511,0.390815,0.400694,0.410099,0.418983,0.427307,0.435032,0.442125,0.448559,0.45431,0.45936,0.463693,0.467299,0.470168,0.472291,0.473663,0.474277,0.474126,0.473202,0.471496,0.468998,0.465695,0.461571,0.456608,0.450786,0.444081,0.436469,0.42792,0.418404,0.407889,0.396341,0.383726,0.370009,0.355157,0.339141,0.321935,0.303519,0.283883,0.263028,0.240967,0.217732,0.193371,0.167955,0.141576,0.11435,0.0864141,0.0579257,0.029059,0,0,0,0,0,0,0,0,0,0,0,0,0,0,0,0,0,0,0
0.0105019,0.021014,0.0315469,0.0421107,0.0527155,0.0633713,0.0740877,0.0848742,0.0957398,0.106693,0.117742,0.128894,0.140156,0.151533,0.163031,0.174652,0.186398,0.198269,0.210265,0.22238,0.234609,0.246941,0.259364,0.271861,0.284412,0.296991,0.30957,0.322113,0.334582,0.346933,0.359118,0.371084,0.382778,0.394141,0.405117,0.415648,0.425681,0.435164,0.444052,0.452302,0.459882,0.466761,0.472917,0.478332,0.482994,0.486892,0.49002,0.492373,0.493947,0.494738,0.494741,0.493952,0.492361,0.489959,0.486733,0.482667,0.477744,0.471939,0.465229,0.457584,0.448972,0.439358,0.428703,0.416966,0.404107,0.390083,0.37485,0.358368,0.340601,0.32152,0.301101,0.279336,0.25623,0.231806,0.206111,0.179214,0.151215,0.122238,0.0924381,0.061995,0.0311101,0,0,0,0,0,0,0,0,0,0,0,0,0,0,0,0,0,0,0
0.0106744,0.0213603,0.0320691,0.0428125,0.0536015,0.0644475,0.0753614,0.0863538,0.0974352,0.108616,0.119904,0.13131,0.142842,0.154506,0.166309,0.178256,0.190351,0.202596,0.21499,0.227531,0.240214,0.25303,0.265969,0.279013,0.292142,0.305332,0.318551,0.331764,0.344927,0.357994,0.37091,0.383619,0.396057,0.40816,0.419864,0.431102,0.441814,0.451942,0.461434,0.470246,0.478341,0.485688,0.492267,0.498061,0.503059,0.507256,0.510648,0.513235,0.515015,0.515988,0.516152,0.515504,0.514038,0.511744,0.508611,0.504623,0.499761,0.494,0.487313,0.479668,0.471028,0.461353,0.450598,0.438716,0.425656,0.411365,0.395791,0.378881,0.360584,0.340858,0.319667,0.296986,0.272811,0.247153,0.220052,0.191577,0.16183,0.130949,0.0991054,0.0665064,0.0333862,0,0,0,0,0,0,0,0,0,0,0,0,0,0,0,0,0,0,0
0.0108354,0.0216836,0.0325571,0.0434687,0.054431,0.0654563,0.076557,0.087745,0.0990323,0.11043,0.12195,0.133601,0.145395,0.15734,0.169444,0.181714,0.194156,0.206773,0.219568,0.23254,0.245686,0.258999,0.272469,0.28608,0.299814,0.313645,0.327541,0.341465,0.35537,0.369206,0.382912,0.396424,0.409672,0.422581,0.435077,0.447085,0.458534,0.469358,0.479499,0.488909,0.497548,0.505386,0.512403,0.518586,0.523927,0.528426,0.532084,0.534905,0.536891,0.538048,0.538377,0.537876,0.536543,0.53437,0.531346,0.527456,0.522678,0.516989,0.510357,0.502748,0.49412,0.484429,0.473622,0.461644,0.448436,0.433933,0.41807,0.40078,0.381998,0.361663,0.339721,0.316133,0.290874,0.263942,0.235368,0.205212,0.173581,0.140622,0.106528,0.071539,0.0359285,0,0,0,0,0,0,0,0,0,0,0,0,0,0,0,0,0,0,0
0.0109838,0.0219816,0.0330072,0.0440746,0.0551976,0.0663901,0.0776655,0.0890375,0.100519,0.112124,0.123864,0.135752,0.147799,0.160016,0.172414,0.185001,0.197786,0.210775,0.223971,0.237377,0.250992,0.264812,0.278828,0.293027,0.30739,0.321894,0.336505,0.351185,0.365885,0.380548,0.39511,0.409496,0.423627,0.437418,0.45078,0.463628,0.475879,0.487457,0.498297,0.508344,0.517557,0.525907,0.533375,0.539953,0.545639,0.550439,0.554359,0.557409,0.5596,0.560938,0.561431,0.561082,0.559889,0.557848,0.554949,0.551176,0.546508,0.54092,0.534379,0.526847,0.518278,0.508621,0.497818,0.485804,0.472511,0.457862,0.441776,0.424172,0.404965,0.384074,0.361424,0.336951,0.310609,0.282376,0.252264,0.220324,0.18666,0.151429,0.114848,0.0771927,0.0387886,0,0,0,0,0,0,0,0,0,0,0,0,0,0,0,0,0,0,0
0.0111183,0.0222518,0.0334156,0.0446251,0.0558952,0.0672412,0.078678,0.0902207,0.101884,0.113683,0.125631,0.137743,0.150032,0.162512,0.175195,0.188092,0.201214,0.214569,0.228165,0.242007,0.256095,0.27043,0.285005,0.29981,0.314828,0.330036,0.345402,0.360886,0.376437,0.391994,0.407484,0.422825,0.437924,0.452683,0.466999,0.48077,0.493899,0.506297,0.517889,0.528615,0.538431,0.547311,0.555239,0.562213,0.56824,0.573332,0.577505,0.580775,0.583161,0.584675,0.58533,0.585133,0.584086,0.582186,0.579426,0.575791,0.57126,0.565806,0.559394,0.551984,0.543524,0.53396,0.523224,0.511246,0.497943,0.483227,0.467002,0.449167,0.429616,0.408244,0.38495,0.359639,0.332236,0.30269,0.270987,0.237161,0.201306,0.163585,0.124242,0.0835951,0.0420335,0,0,0,0,0,0,0,0,0,0,0,0,0,0,0,0,0,0,0
0.0112376,0.0224917,0.0337787,0.0451151,0.0565173,0.0680018,0.0795852,0.0912838,0.103114,0.115092,0.127235,0.139558,0.152076,0.164806,0.177763,0.190959,0.204409,0.218124,0.232115,0.24639,0.260954,0.275809,0.290954,0.306381,0.322077,0.338021,0.354183,0.370522,0.386985,0.403507,0.420009,0.436396,0.452562,0.468393,0.483765,0.498556,0.512651,0.525943,0.538347,0.549796,0.560244,0.569667,0.578058,0.585422,0.591777,0.597146,0.601554,0.605028,0.607594,0.609273,0.610082,0.610034,0.609135,0.607386,0.60478,0.601303,0.596936,0.59165,0.58541,0.578169,0.569877,0.56047,0.549876,0.538013,0.524789,0.510102,0.493839,0.475878,0.456089,0.434338,0.410492,0.38442,0.356006,0.325162,0.291834,0.256027,0.217816,0.177365,0.13494,0.0909123,0.0457502,0,0,0,0,0,0,0,0,0,0,0,0,0,0,0,0,0,0,0
0.0113406,0.0226989,0.0340925,0.0455394,0.0570573,0.0686639,0.0803774,0.0922156,0.104197,0.116338,0.128659,0.141177,0.15391,0.166875,0.180091,0.193574,0.20734,0.221405,0.235782,0.250485,0.265522,0.2809,0.296622,0.312685,0.32908,0.34579,0.362788,0.380035,0.397476,0.415043,0.432649,0.450189,0.467539,0.484562,0.501113,0.517041,0.532205,0.54648,0.559763,0.571979,0.583084,0.593058,0.601904,0.609642,0.616302,0.621921,0.626538,0.630191,0.632915,0.634741,0.635692,0.635787,0.635036,0.633444,0.631005,0.627707,0.623532,0.618451,0.612425,0.605409,0.597345,0.588167,0.577796,0.566141,0.5531,0.538554,0.522375,0.504416,0.484524,0.462529,0.43826,0.411541,0.382208,0.350117,0.315161,0.277298,0.236567,0.19312,0.147242,0.0993634,0.050055,0,0,0,0,0,0,0,0,0,0,0,0,0,0,0,0,0,0,0
0.0114259,0.0228707,0.0343534,0.045893,0.0575087,0.0692197,0.0810453,0.0930051,0.105119,0.117406,0.129887,0.142582,0.155511,0.168695,0.182153,0.195906,0.209973,0.224374,0.239126,0.254246,0.269749,0.285648,0.301949,0.318657,0.335769,0.353273,0.371146,0.389353,0.407842,0.426542,0.445358,0.464172,0.482843,0.501206,0.519083,0.536291,0.552651,0.56801,0.582246,0.595275,0.607055,0.617577,0.62686,0.63494,0.641868,0.647699,0.652487,0.656284,0.659136,0.661085,0.66216,0.662387,0.661781,0.660348,0.658088,0.654991,0.651036,0.646196,0.640432,0.633696,0.625929,0.617059,0.607001,0.595658,0.582915,0.568642,0.552689,0.534891,0.515061,0.492996,0.468478,0.441278,0.411169,0.377935,0.341397,0.301437,0.258033,0.211305,0.161544,0.109245,0.0551066,0,0,0,0,0,0,0,0,0,0,0,0,0,0,0,0,0,0,0
0.0114923,0.0230047,0.0345574,0.0461707,0.0578651,0.0696611,0.0815794,0.0936412,0.105868,0.118281,0.130902,0.143754,0.156859,0.170241,0.183921,0.197924,0.212274,0.226992,0.242102,0.257625,0.273583,0.289993,0.306871,0.324227,0.342067,0.360387,0.379171,0.398391,0.418,0.437925,0.458069,0.4783,0.498455,0.518337,0.537726,0.556388,0.574099,0.590664,0.605936,0.619822,0.632286,0.643338,0.653018,0.661392,0.668534,0.674521,0.679428,0.683322,0.686263,0.688302,0.689478,0.689821,0.689352,0.688082,0.686011,0.683132,0.679425,0.674865,0.669411,0.663016,0.655616,0.647138,0.637493,0.626575,0.614261,0.600408,0.58485,0.567397,0.547833,0.525916,0.501377,0.473925,0.443254,0.409059,0.371055,0.329018,0.282826,0.232523,0.178384,0.120964,0.0611267,0,0,0,0,0,0,0,0,0,0,0,0,0,0,0,0,0,0,0
0.0115386,0.0230985,0.034701,0.0463677,0.0581202,0.0699804,0.0819705,0.094113,0.106431,0.118948,0.131687,0.144673,0.157932,0.171488,0.185368,0.199598,0.214206,0.229219,0.244665,0.260572,0.276965,0.293872,0.311316,0.329315,0.347887,0.367037,0.386761,0.407043,0.427841,0.449091,0.470693,0.492506,0.514341,0.535964,0.557096,0.577438,0.596695,0.614613,0.631012,0.645792,0.658931,0.670469,0.680484,0.689077,0.696355,0.702424,0.707382,0.711314,0.714294,0.716383,0.717629,0.718068,0.717726,0.716616,0.714743,0.7121,0.70867,0.704428,0.699334,0.69334,0.686382,0.678386,0.669258,0.658889,0.647148,0.63388,0.618906,0.602014,0.582959,0.561458,0.53719,0.509791,0.478865,0.443991,0.404748,0.360754,0.311728,0.257579,0.198504,0.135103,0.0684359,0,0,0,0,0,0,0,0,0,0,0,0,0,0,0,0,0,0,0
0.0115636,0.0231497,0.0347806,0.046479,0.0582678,0.0701701,0.0822095,0.0944098,0.106796,0.119392,0.132225,0.145321,0.158707,0.172412,0.186464,0.200894,0.215734,0.231014,0.246769,0.263031,0.279836,0.297216,0.315205,0.333833,0.353129,0.373113,0.393796,0.415177,0.437232,0.459907,0.483108,0.506689,0.530441,0.554081,0.577257,0.599573,0.620629,0.640084,0.657709,0.673404,0.687179,0.699125,0.709374,0.718078,0.725387,0.73144,0.736362,0.740258,0.743216,0.745307,0.746587,0.747098,0.746868,0.745915,0.744246,0.741855,0.738729,0.734842,0.730158,0.724627,0.718188,0.710765,0.702265,0.692575,0.68156,0.66906,0.654881,0.638795,0.620531,0.599769,0.576133,0.549184,0.518424,0.483292,0.443191,0.397521,0.345756,0.287559,0.222952,0.152507,0.0775139,0,0,0,0,0,0,0,0,0,0,0,0,0,0,0,0,0,0,0
0.0115663,0.0231561,0.0347928,0.0465002,0.0583021,0.0702231,0.0822878,0.0945215,0.10695,0.119601,0.132501,0.145679,0.159165,0.172989,0.187184,0.201783,0.216821,0.232336,0.248366,0.26495,0.282131,0.299951,0.318455,0.337685,0.357683,0.37849,0.400135,0.42264,0.446004,0.470196,0.495143,0.520704,0.546655,0.572662,0.598281,0.62297,0.646165,0.667385,0.686336,0.702935,0.717258,0.729478,0.73981,0.748474,0.755674,0.761589,0.76637,0.770142,0.773007,0.775044,0.776316,0.776868,0.776733,0.775931,0.77447,0.772347,0.76955,0.766055,0.761829,0.756823,0.750979,0.744223,0.736463,0.727587,0.71746,0.705918,0.692763,0.677754,0.660602,0.640955,0.618387,0.59239,0.562354,0.527564,0.487204,0.440384,0.386214,0.32395,0.253237,0.174458,0.0891131,0,0,0,0,0,0,0,0,0,0,0,0,0,0,0,0,0,0,0
0.0115456,0.0231157,0.0347345,0.0464269,0.0582178,0.0701326,0.0821974,0.0944386,0.106884,0.119561,0.132499,0.14573,0.159284,0.173196,0.187499,0.202232,0.217434,0.233144,0.249409,0.266274,0.283788,0.302005,0.320979,0.340768,0.361432,0.383029,0.405617,0.429244,0.453947,0.479733,0.506565,0.534331,0.562812,0.591634,0.620234,0.647862,0.673677,0.696954,0.717318,0.734744,0.74944,0.761719,0.771914,0.780335,0.787247,0.792872,0.797386,0.800934,0.803625,0.805547,0.806765,0.807327,0.807267,0.806607,0.805356,0.803514,0.801069,0.798001,0.794278,0.789857,0.784683,0.778685,0.771776,0.76385,0.754775,0.74439,0.732498,0.718857,0.703168,0.68506,0.664073,0.639635,0.611038,0.577406,0.537676,0.490596,0.434767,0.36879,0.291587,0.202977,0.10448,0,0,0,0,0,0,0,0,0,0,0,0,0,0,0,0,0,0,0
0.0115006,0.0230264,0.0346028,0.0462552,0.0580097,0.0698926,0.0819308,0.0941522,0.106585,0.11926,0.132207,0.145458,0.159047,0.173011,0.187387,0.202214,0.217537,0.2334,0.249853,0.266948,0.284744,0.303302,0.322689,0.342978,0.364247,0.386578,0.410058,0.434775,0.460809,0.488226,0.517052,0.547244,0.578629,0.610829,0.64316,0.674569,0.703728,0.729438,0.751237,0.769283,0.78404,0.796044,0.805794,0.813705,0.820109,0.825265,0.829371,0.832582,0.835014,0.836754,0.837869,0.838407,0.838402,0.837874,0.836835,0.835283,0.833212,0.830603,0.827427,0.823646,0.819211,0.814058,0.808108,0.801262,0.793399,0.784369,0.773983,0.762009,0.748154,0.732044,0.713209,0.691041,0.664757,0.633345,0.5955,0.549559,0.493469,0.424855,0.341344,0.241384,0.12583,0,0,0,0,0,0,0,0,0,0,0,0,0,0,0,0,0,0,0
0.0114304,0.0228868,0.0343951,0.0459818,0.0576734,0.0694974,0.0814814,0.0936544,0.106046,0.118687,0.13161,0.144848,0.158437,0.172415,0.186823,0.201702,0.2171,0.233066,0.249654,0.266923,0.284939,0.303771,0.323499,0.34421,0.366001,0.388979,0.413265,0.438988,0.466289,0.495309,0.526175,0.558963,0.593632,0.629894,0.667007,0.703526,0.737228,0.765834,0.78891,0.807113,0.821392,0.832626,0.841514,0.848583,0.854219,0.858707,0.862253,0.865011,0.867094,0.868587,0.869552,0.870032,0.870059,0.869654,0.868825,0.867574,0.865894,0.86377,0.86118,0.85809,0.854457,0.850229,0.845335,0.839692,0.833192,0.825703,0.817057,0.807044,0.795392,0.781755,0.765678,0.746562,0.723604,0.695718,0.661419,0.618669,0.564694,0.49582,0.407549,0.295384,0.157455,0,0,0,0,0,0,0,0,0,0,0,0,0,0,0,0,0,0,0
0.0113343,0.0226952,0.0341093,0.0456035,0.0572052,0.0689423,0.0808435,0.0929384,0.105257,0.117833,0.130698,0.143887,0.157438,0.171391,0.185787,0.200673,0.216096,0.232111,0.248775,0.266153,0.284317,0.303345,0.323326,0.344362,0.366567,0.390074,0.415034,0.441625,0.470051,0.500548,0.533376,0.568803,0.607044,0.648108,0.69145,0.735302,0.775825,0.807761,0.831458,0.848865,0.86179,0.871553,0.879053,0.884893,0.889479,0.893091,0.895923,0.898114,0.899766,0.900949,0.901718,0.90211,0.902151,0.901857,0.901237,0.900293,0.89902,0.897406,0.895433,0.893075,0.8903,0.887064,0.883313,0.878979,0.873975,0.868194,0.861499,0.853716,0.844617,0.833906,0.821187,0.805925,0.787379,0.764504,0.735788,0.699007,0.650818,0.58618,0.497648,0.375149,0.208607,0,0,0,0,0,0,0,0,0,0,0,0,0,0,0,0,0,0,0
0.0112118,0.0224505,0.0337434,0.0451178,0.0566016,0.0682234,0.0800122,0.0919984,0.104213,0.11669,0.129461,0.142565,0.156039,0.169924,0.184263,0.199105,0.214501,0.230506,0.247183,0.264599,0.282831,0.301966,0.3221,0.343346,0.365833,0.389716,0.415174,0.442428,0.471744,0.503456,0.537978,0.575829,0.617634,0.664045,0.715384,0.770405,0.823012,0.857925,0.880297,0.895101,0.90535,0.912743,0.918254,0.922458,0.925715,0.928255,0.930234,0.931759,0.932905,0.933727,0.934262,0.934539,0.934577,0.934386,0.933974,0.933342,0.932487,0.9314,0.93007,0.928479,0.926604,0.924415,0.921875,0.918935,0.915535,0.911599,0.907031,0.901704,0.895454,0.888064,0.87924,0.868573,0.855484,0.839129,0.818224,0.790751,0.75339,0.700435,0.621716,0.498955,0.301825,0,0,0,0,0,0,0,0,0,0,0,0,0,0,0,0,0,0,0
0.0110622,0.0221518,0.0332961,0.0445229,0.0558604,0.0673376,0.0789839,0.0908302,0.102908,0.115251,0.127894,0.140873,0.154229,0.168002,0.182238,0.196985,0.212297,0.228231,0.244851,0.262229,0.280445,0.299588,0.319762,0.341088,0.363706,0.387782,0.413519,0.441168,0.471043,0.503554,0.539252,0.578902,0.623617,0.675056,0.735635,0.807924,0.887891,0.92063,0.936705,0.945893,0.951765,0.955817,0.95876,0.960971,0.962666,0.96398,0.964999,0.965782,0.966369,0.96679,0.967065,0.967209,0.967231,0.967137,0.966931,0.966615,0.966185,0.965639,0.964969,0.964168,0.963223,0.962118,0.960836,0.95935,0.957631,0.955638,0.953321,0.950614,0.947431,0.943658,0.939135,0.933641,0.926857,0.918303,0.907228,0.892384,0.871557,0.840454,0.789825,0.69713,0.499739,0,0,0,0,0,0,0,0,0,0,0,0,0,0,0,0,0,0,0
0.0108854,0.0217984,0.0327663,0.0438174,0.0549798,0.0662827,0.077756,0.0894305,0.101338,0.113513,0.12599,0.138806,0.152001,0.165618,0.179702,0.194302,0.209472,0.22527,0.241763,0.259023,0.277131,0.296179,0.316275,0.33754,0.36012,0.384188,0.409955,0.437682,0.467705,0.500466,0.536573,0.576912,0.622877,0.676928,0.744176,0.837765,1,1,1,1,1,1,1,1,1,1,1,1,1,1,1,1,1,1,1,1,1,1,1,1,1,1,1,1,1,1,1,1,1,1,1,1,1,1,1,1,1,1,1,1,1,1,1,1,1,1,1,1,1,0,0,0,0,0,0,0,0,0,0,0
0.0106812,0.0213899,0.0321537,0.0430006,0.053959,0.0650579,0.0763273,0.087798,0.0995022,0.111474,0.123747,0.136361,0.149353,0.162768,0.17665,0.191049,0.206018,0.221616,0.237909,0.254969,0.272877,0.291725,0.311618,0.332678,0.355047,0.378896,0.40443,0.431902,0.461631,0.494033,0.529664,0.569297,0.614053,0.665602,0.726376,0.798962,0.879354,0.912676,0.929537,0.939774,0.947041,0.952945,0.95835,0.96382,0.969769,0.976427,0.983609,0.990313,0.994797,0.997352,0.998693,0.999366,0.999696,0.999855,0.999931,0.999967,0.999984,0.999993,0.999996,0.999998,0.999999,0.999999,0.999999,0.999999,0.999997,0.999995,0.999989,0.999976,0.999949,0.999892,0.999772,0.999517,0.998981,0.997847,0.995451,0.990386,0.979669,0.956935,0.908418,0.803345,0.56789,0,0,0,0,0,0,0,0,0,0,0,0,0,0,0,0,0,0,0
0.0104496,0.0209265,0.0314582,0.0420725,0.0527978,0.0636628,0.0746974,0.0859323,0.0973993,0.109132,0.121165,0.133536,0.146284,0.159451,0.173082,0.187226,0.201935,0.217268,0.233289,0.250068,0.267684,0.286226,0.305795,0.326506,0.348496,0.37192,0.396968,0.423864,0.452885,0.484372,0.518753,0.55656,0.598435,0.645053,0.696762,0.752354,0.805777,0.841813,0.865699,0.882519,0.895443,0.90639,0.916635,0.927161,0.938829,0.95233,0.967698,0.982844,0.991522,0.995918,0.998055,0.999077,0.999562,0.999793,0.999902,0.999954,0.999978,0.99999,0.999995,0.999998,0.999999,0.999999,0.999999,0.999998,0.999996,0.999992,0.999984,0.999966,0.999928,0.999847,0.999677,0.999318,0.998559,0.996956,0.99357,0.986424,0.971354,0.939654,0.873391,0.737074,0.468213,0,0,0,0,0,0,0,0,0,0,0,0,0,0,0,0,0,0,0
0.0101906,0.0204082,0.0306801,0.0410337,0.0514969,0.0620984,0.0728675,0.0838346,0.0950312,0.10649,0.118246,0.130335,0.142796,0.15567,0.169001,0.182837,0.197229,0.212234,0.227911,0.24433,0.261565,0.2797,0.298829,0.319058,0.34051,0.363322,0.387658,0.413702,0.441672,0.471817,0.504415,0.539754,0.578074,0.619414,0.663267,0.707916,0.749586,0.783102,0.808926,0.829159,0.845823,0.860538,0.874638,0.88936,0.906056,0.926367,0.952008,0.981845,0.992528,0.996744,0.99853,0.999323,0.999684,0.999852,0.99993,0.999967,0.999984,0.999993,0.999996,0.999998,0.999999,0.999999,0.999999,0.999999,0.999997,0.999995,0.999989,0.999976,0.999949,0.999892,0.999772,0.999517,0.998981,0.997847,0.995451,0.990386,0.979669,0.956935,0.908418,0.803345,0.56789,0,0,0,0,0,0,0,0,0,0,0,0,0,0,0,0,0,0,0
0.00990461,0.0198358,0.0298203,0.0398852,0.0500579,0.0603665,0.0708399,0.0815077,0.0924009,0.103552,0.114994,0.126762,0.138895,0.151433,0.164417,0.177893,0.191912,0.206526,0.221793,0.237777,0.254547,0.272181,0.290763,0.310389,0.331162,0.353202,0.376638,0.401615,0.428286,0.456811,0.487338,0.519969,0.554694,0.591261,0.628977,0.666456,0.701551,0.732081,0.757744,0.77937,0.798151,0.815302,0.832018,0.849584,0.86967,0.895073,0.932122,1,1,1,1,1,1,1,1,1,1,1,1,1,1,1,1,1,1,1,1,1,1,1,1,1,1,1,1,1,1,1,1,1,1,1,1,1,1,1,1,1,0,0,0,0,0,0,0,0,0,0,0,0
0.00959206,0.0192101,0.0288803,0.0386291,0.0484832,0.0584701,0.068618,0.0789557,0.0895133,0.100322,0.111415,0.122826,0.134591,0.146749,0.15934,0.172408,0.186,0.200165,0.214958,0.230438,0.246667,0.263714,0.281655,0.300571,0.32055,0.341686,0.36408,0.387833,0.413046,0.439803,0.468156,0.498091,0.529471,0.561959,0.594925,0.62738,0.65808,0.685928,0.710599,0.732426,0.752108,0.770503,0.788548,0.807288,0.827966,0.852133,0.881409,0.914553,0.928126,0.934774,0.938539,0.940898,0.94247,0.943548,0.944287,0.944774,0.94506,0.945176,0.945139,0.944956,0.944627,0.944144,0.943495,0.94266,0.94161,0.94031,0.938709,0.936743,0.934327,0.931346,0.927643,0.922998,0.917092,0.909449,0.899319,0.885462,0.865668,0.835649,0.786156,0.694648,0.498486,0,0,0,0,0,0,0,0,0,0,0,0,0,0,0,0,0,0,0
0.00925353,0.0185323,0.0278618,0.0372676,0.0467758,0.056413,0.0662064,0.076184,0.0863749,0.0968091,0.107518,0.118535,0.129894,0.141631,0.153786,0.166399,0.179514,0.193177,0.207438,0.222349,0.237968,0.254354,0.271573,0.289691,0.30878,0.328913,0.350162,0.372593,0.396261,0.421198,0.447393,0.474768,0.50314,0.532181,0.561382,0.590062,0.61746,0.642954,0.666297,0.687627,0.707354,0.726052,0.744383,0.763054,0.782773,0.804084,0.826826,0.848676,0.863179,0.872431,0.878485,0.882584,0.885434,0.887436,0.888826,0.889749,0.890291,0.890506,0.890424,0.890058,0.889406,0.888455,0.887177,0.885534,0.883472,0.88092,0.877782,0.873936,0.869219,0.863414,0.856229,0.847257,0.835922,0.821383,0.802366,0.776862,0.741561,0.690771,0.614327,0.493951,0.299297,0,0,0,0,0,0,0,0,0,0,0,0,0,0,0,0,0,0,0
0.00888974,0.0178039,0.026767,0.0358039,0.0449396,0.0541998,0.0636107,0.0731992,0.0829932,0.0930215,0.103314,0.113902,0.124818,0.136097,0.147775,0.15989,0.172481,0.185592,0.199267,0.213554,0.228501,0.244162,0.26059,0.27784,0.295968,0.315025,0.335062,0.356116,0.378209,0.401336,0.425451,0.450448,0.47614,0.502242,0.528361,0.554024,0.578743,0.602132,0.62401,0.644429,0.663629,0.68197,0.699877,0.717772,0.735988,0.754604,0.773137,0.790147,0.80348,0.813288,0.820383,0.825519,0.829246,0.831935,0.833834,0.835103,0.835848,0.836132,0.835994,0.835447,0.834486,0.833091,0.831224,0.828827,0.825825,0.822114,0.817564,0.812,0.805199,0.796864,0.786601,0.773877,0.757955,0.737796,0.7119,0.678057,0.632945,0.571545,0.486431,0.367532,0.204751,0,0,0,0,0,0,0,0,0,0,0,0,0,0,0,0,0,0,0
0.00850156,0.0170266,0.0255986,0.0342413,0.042979,0.051836,0.0608375,0.0700092,0.0793776,0.0889699,0.0988148,0.108941,0.119381,0.130165,0.141327,0.152903,0.164929,0.177443,0.190485,0.204097,0.218323,0.233204,0.248786,0.265113,0.282225,0.300159,0.318945,0.3386,0.359123,0.380487,0.402627,0.425433,0.448731,0.472286,0.495798,0.518932,0.541358,0.562819,0.583181,0.602452,0.620761,0.638322,0.655383,0.672169,0.688803,0.705207,0.720969,0.735295,0.747307,0.756858,0.764242,0.769864,0.774094,0.777225,0.779471,0.780983,0.781864,0.782182,0.781972,0.781248,0.78,0.7782,0.7758,0.772726,0.768885,0.76415,0.758358,0.751302,0.742712,0.732241,0.719435,0.703697,0.684226,0.659945,0.629382,0.590521,0.540617,0.476035,0.392319,0.284995,0.152175,0,0,0,0,0,0,0,0,0,0,0,0,0,0,0,0,0,0,0
0.00808995,0.0162023,0.0243594,0.032584,0.0408991,0.0493279,0.0578943,0.0666227,0.075538,0.0846662,0.0940338,0.103668,0.113599,0.123855,0.134467,0.145467,0.156888,0.168766,0.181134,0.194029,0.207487,0.221546,0.236239,0.2516,0.26766,0.284441,0.301959,0.320216,0.339197,0.358861,0.37914,0.399924,0.421066,0.442372,0.463613,0.484546,0.504938,0.524606,0.543445,0.561436,0.578642,0.595175,0.611165,0.626716,0.64185,0.656453,0.670237,0.682758,0.693593,0.702596,0.709862,0.7156,0.720043,0.723401,0.725841,0.727493,0.728445,0.728759,0.728466,0.727573,0.726067,0.723911,0.721047,0.717394,0.712839,0.707241,0.700418,0.692137,0.682106,0.669952,0.655202,0.637247,0.615308,0.588377,0.555162,0.514029,0.462965,0.399659,0.321814,0.227955,0.118954,0,0,0,0,0,0,0,0,0,0,0,0,0,0,0,0,0,0,0
0.00765598,0.0153332,0.0230528,0.0308364,0.0387055,0.0466824,0.0547893,0.0630493,0.0714859,0.0801231,0.088986,0.0981,0.107492,0.117188,0.127218,0.137609,0.148393,0.159598,0.171256,0.183397,0.196053,0.209252,0.223023,0.23739,0.252373,0.267987,0.284235,0.30111,0.318587,0.336622,0.355145,0.37406,0.393237,0.412522,0.431738,0.450701,0.469242,0.487222,0.504555,0.521207,0.537196,0.552571,0.567388,0.58168,0.595426,0.60852,0.620767,0.631908,0.641712,0.650072,0.657009,0.66263,0.667078,0.670493,0.673001,0.674701,0.675665,0.675943,0.675558,0.674511,0.672782,0.670329,0.667086,0.662962,0.657837,0.651559,0.643934,0.634722,0.623622,0.61026,0.594173,0.574784,0.551381,0.523091,0.488862,0.447467,0.397557,0.337821,0.267322,0.186057,0.0956871,0,0,0,0,0,0,0,0,0,0,0,0,0,0,0,0,0,0,0
0.00720084,0.0144216,0.0216823,0.0290031,0.0364044,0.0439069,0.0515314,0.0592996,0.0672332,0.0753547,0.0836871,0.0922541,0.10108,0.110189,0.119607,0.129361,0.139475,0.149978,0.160894,0.172252,0.184075,0.196388,0.209211,0.222564,0.236457,0.250898,0.265884,0.281401,0.297419,0.313894,0.330761,0.347932,0.365301,0.382742,0.400115,0.41728,0.434107,0.450487,0.466345,0.481641,0.496364,0.510524,0.524134,0.53719,0.549653,0.561435,0.572402,0.582395,0.591276,0.598969,0.605471,0.610835,0.615144,0.618493,0.620969,0.622644,0.623573,0.62379,0.623312,0.622131,0.620222,0.617537,0.614005,0.60953,0.603989,0.597223,0.589039,0.579196,0.5674,0.553294,0.536445,0.516334,0.49234,0.463744,0.429728,0.389419,0.341973,0.286748,0.223597,0.153263,0.0777372,0,0,0,0,0,0,0,0,0,0,0,0,0,0,0,0,0,0,0
0.00672578,0.0134702,0.0202518,0.0270895,0.0340023,0.0410093,0.0481301,0.0553845,0.0627927,0.0703755,0.078154,0.0861497,0.0943846,0.102881,0.111662,0.120751,0.13017,0.139943,0.150093,0.160641,0.171608,0.183013,0.194871,0.207196,0.219994,0.233265,0.247003,0.26119,0.275795,0.290775,0.306071,0.321608,0.337294,0.353029,0.3687,0.384197,0.399418,0.414274,0.428698,0.442647,0.456094,0.469028,0.481436,0.493295,0.504561,0.515164,0.52501,0.533995,0.542029,0.549058,0.555071,0.560093,0.564172,0.567367,0.569738,0.571333,0.572191,0.572334,0.571768,0.57048,0.568438,0.565592,0.561867,0.557166,0.551364,0.544306,0.535802,0.525622,0.513488,0.499071,0.481981,0.461765,0.437903,0.409817,0.376888,0.338509,0.294167,0.243601,0.187053,0.125663,0.0619983,0,0,0,0,0,0,0,0,0,0,0,0,0,0,0,0,0,0,0
0.00623213,0.0124815,0.0187653,0.0251009,0.0315059,0.037998,0.0445952,0.0513156,0.0581779,0.0652009,0.0724038,0.0798062,0.0874279,0.095289,0.10341,0.111811,0.120512,0.129533,0.138893,0.148611,0.158703,0.169184,0.180066,0.191356,0.203057,0.215166,0.227674,0.240561,0.253797,0.267341,0.281142,0.295133,0.30924,0.323378,0.337459,0.351392,0.365094,0.378493,0.391528,0.404154,0.416339,0.428058,0.439286,0.449992,0.460133,0.469651,0.478479,0.486544,0.493786,0.500164,0.505663,0.510294,0.514083,0.517067,0.519281,0.520759,0.521524,0.521587,0.520946,0.519582,0.51746,0.514525,0.510705,0.505902,0.499995,0.492835,0.484242,0.474001,0.461859,0.44752,0.430643,0.410842,0.387691,0.360731,0.329499,0.293562,0.252586,0.206437,0.155351,0.100336,0.0445934,0,0,0,0,0,0,0,0,0,0,0,0,0,0,0,0,0,0,0
0.00572127,0.0114583,0.0172269,0.023043,0.0289226,0.0348818,0.0409371,0.0471051,0.0534025,0.0598465,0.0664543,0.0732435,0.0802319,0.0874373,0.0948775,0.10257,0.110533,0.118783,0.127336,0.136207,0.14541,0.154956,0.164852,0.175104,0.185712,0.19667,0.207966,0.219582,0.23149,0.243651,0.256021,0.268544,0.281155,0.293786,0.306365,0.318817,0.331074,0.343075,0.354765,0.366103,0.377051,0.387579,0.397658,0.407253,0.416326,0.424829,0.432711,0.439918,0.446407,0.452147,0.457123,0.461336,0.4648,0.467535,0.469561,0.470898,0.471559,0.471544,0.470846,0.469442,0.467293,0.464345,0.460526,0.455742,0.449879,0.442797,0.434329,0.424282,0.412428,0.398507,0.382229,0.36327,0.341286,0.315918,0.286813,0.253653,0.216179,0.174211,0.127578,0.0757361,0.0160396,0.00248975,0.00208391,0.0018453,0.0016807,0.00155662,0.00145843,0.00137859,0.00131281,0.00125844,0.00121374,0.00117753,0.00114895,0.00112723,0.00111133,0.00109891,0.000797583,0.000423959,0.000230493,0.000103572
0.00519467,0.0104036,0.0156411,0.0209217,0.0262596,0.0316697,0.0371665,0.0427652,0.0484806,0.0543283,0.0603235,0.0664819,0.0728192,0.0793509,0.0860928,0.0930601,0.100268,0.10773,0.115461,0.123472,0.131775,0.140376,0.149283,0.158497,0.168016,0.177835,0.18794,0.198313,0.208928,0.219753,0.230748,0.241865,0.253051,0.264248,0.275397,0.286437,0.297311,0.307967,0.318357,0.32844,0.338182,0.34755,0.356513,0.365038,0.37309,0.38063,0.387616,0.39401,0.399778,0.404895,0.409346,0.413129,0.416247,0.41871,0.42053,0.421715,0.422268,0.422186,0.421454,0.420046,0.417925,0.415037,0.411311,0.406662,0.400982,0.394144,0.385997,0.37637,0.365062,0.351852,0.336494,0.318724,0.298266,0.274841,0.248184,0.218058,0.184266,0.146648,0.105015,0.0589906,0.0077829,0.00235698,0.0020977,0.00189637,0.0017413,0.00161886,0.00151982,0.00143836,0.00137077,0.00131465,0.00126839,0.00123088,0.00120131,0.00117907,0.00116363,0.00115467,0.0010552,0.000667758,0.000394443,0.000183794
0.00465379,0.00932034,0.0140124,0.0187429,0.0235246,0.0283707,0.0332942,0.0383085,0.0434268,0.0486626,0.0540297,0.0595416,0.065212,0.0710546,0.0770828,0.0833097,0.089748,0.0964097,0.103306,0.110447,0.11784,0.125492,0.133407,0.141584,0.150022,0.158713,0.167645,0.176801,0.186157,0.195686,0.205353,0.215117,0.224935,0.234758,0.244537,0.254223,0.263767,0.273125,0.282255,0.29112,0.299687,0.307926,0.315805,0.323296,0.330366,0.336983,0.343114,0.348729,0.3538,0.358307,0.362238,0.365585,0.368348,0.37053,0.372135,0.373163,0.373613,0.373476,0.372736,0.371365,0.369324,0.366565,0.363021,0.358612,0.353243,0.346798,0.339147,0.330137,0.319599,0.307345,0.293172,0.276867,0.258213,0.236997,0.213024,0.186127,0.15618,0.1231,0.0868432,0.0474286,0.00511815,0.00221476,0.00205355,0.00190117,0.00176926,0.0016577,0.00156364,0.00148425,0.00141725,0.001361,0.00131429,0.00127627,0.00124635,0.00122412,0.00120945,0.00120259,0.0011591,0.000797429,0.000495727,0.000237162
0.00410017,0.00821154,0.0123453,0.0165129,0.0207254,0.0249944,0.0293313,0.0337478,0.0382554,0.0428659,0.0475911,0.0524429,0.0574329,0.0625728,0.0678741,0.0733479,0.0790048,0.0848547,0.0909066,0.0971684,0.103647,0.110345,0.117267,0.124412,0.131775,0.13935,0.147127,0.155088,0.163215,0.171482,0.17986,0.188316,0.196813,0.205312,0.213772,0.222151,0.23041,0.238511,0.246418,0.254098,0.261522,0.26866,0.275487,0.281974,0.288095,0.293822,0.299129,0.30399,0.308386,0.312297,0.315713,0.318626,0.321031,0.322928,0.324315,0.325189,0.325545,0.325371,0.324649,0.323352,0.321443,0.318877,0.315594,0.311523,0.306578,0.300661,0.293655,0.285433,0.275852,0.264756,0.251981,0.237359,0.220721,0.201909,0.180787,0.157247,0.131228,0.102728,0.0718294,0.0387624,0.00406097,0.00211033,0.00200056,0.00188549,0.00177688,0.00167904,0.00159281,0.00151773,0.001453,0.00139781,0.00135151,0.00131358,0.00128368,0.00126162,0.00124744,0.00124147,0.00121367,0.000867125,0.000553875,0.000269127
0.00353534,0.00708032,0.0106446,0.0142378,0.0178698,0.0215502,0.025289,0.029096,0.0329812,0.0369546,0.0410262,0.045206,0.0495039,0.0539298,0.0584932,0.0632032,0.0680687,0.0730977,0.0782974,0.0836741,0.0892325,0.0949759,0.100905,0.10702,0.113316,0.119787,0.126423,0.13321,0.140131,0.147166,0.15429,0.161474,0.168691,0.175906,0.183086,0.190199,0.197211,0.20409,0.210807,0.217332,0.223641,0.229708,0.235508,0.241019,0.246218,0.251081,0.255588,0.259719,0.263455,0.266783,0.269692,0.272173,0.274222,0.275835,0.277007,0.277734,0.278007,0.277814,0.277137,0.27595,0.27422,0.271907,0.268956,0.265308,0.260887,0.25561,0.24938,0.242088,0.233619,0.223846,0.212639,0.199866,0.185402,0.169133,0.150967,0.130846,0.108757,0.0847549,0.0589837,0.0317308,0.00350099,0.00203409,0.00195287,0.00186336,0.00177373,0.00168876,0.00161081,0.00154087,0.00147919,0.00142574,0.00138035,0.00134286,0.00131316,0.00129123,0.00127725,0.00127152,0.0012474,0.000903528,0.000583521,0.00028547
0.00296089,0.00592983,0.00891488,0.0119241,0.0149657,0.0180477,0.0211784,0.024366,0.0276188,0.0309451,0.0343531,0.037851,0.0414472,0.0451494,0.0489656,0.0529032,0.0569692,0.0611701,0.0655114,0.0699981,0.0746337,0.0794204,0.0843587,0.0894475,0.0946831,0.10006,0.105568,0.111198,0.116935,0.122761,0.128658,0.134602,0.140569,0.146534,0.152469,0.158348,0.164145,0.169833,0.175387,0.180784,0.186003,0.191021,0.195819,0.200376,0.204675,0.208697,0.212424,0.215841,0.218933,0.221688,0.224097,0.226153,0.22785,0.229182,0.230145,0.230733,0.230936,0.230742,0.230134,0.229091,0.227582,0.225572,0.223017,0.219865,0.216053,0.211513,0.206165,0.199922,0.19269,0.18437,0.174862,0.164066,0.151889,0.138253,0.123102,0.106412,0.0882009,0.0685502,0.0476199,0.025676,0.00311675,0.00197652,0.00191345,0.00184137,0.00176592,0.00169145,0.00162082,0.00155574,0.00149716,0.0014456,0.0014013,0.00136436,0.00133486,0.00131292,0.00129878,0.0012929,0.00126708,0.000916062,0.000591211,0.000289233
0.00237839,0.00476323,0.00716099,0.00957813,0.0120212,0.0144966,0.017011,0.019571,0.0221831,0.0248539,0.02759,0.030398,0.0332843,0.0362552,0.0393168,0.0424749,0.045735,0.049102,0.0525802,0.0561733,0.0598838,0.0637132,0.0676617,0.071728,0.0759089,0.0801995,0.0845929,0.0890799,0.0936491,0.0982872,0.102978,0.107706,0.11245,0.117191,0.121908,0.126581,0.131188,0.135708,0.140124,0.144415,0.148564,0.152554,0.156369,0.159993,0.163411,0.166608,0.169571,0.172288,0.174747,0.176939,0.178857,0.180493,0.181842,0.182899,0.183659,0.184116,0.184261,0.184083,0.183568,0.182696,0.181444,0.179783,0.177675,0.17508,0.171948,0.168224,0.163845,0.158744,0.152849,0.146084,0.138373,0.129645,0.119834,0.108889,0.0967776,0.0834973,0.0690843,0.0536253,0.0372697,0.0202367,0.00281188,0.00193332,0.00188306,0.00182273,0.00175714,0.00169032,0.00162528,0.00156409,0.00150812,0.00145821,0.00141488,0.00137842,0.001349,0.00132679,0.00131207,0.00130547,0.0012701,0.000902431,0.00057603,0.000280249
0.00178945,0.00358374,0.00538772,0.00720626,0.00904424,0.0109065,0.0127981,0.0147238,0.0166886,0.0186975,0.0207552,0.0228668,0.0250369,0.0272703,0.0295715,0.0319447,0.0343939,0.0369227,0.0395343,0.0422312,0.0450151,0.0478871,0.050847,0.0538938,0.057025,0.0602368,0.0635238,0.0668792,0.0702945,0.0737597,0.0772633,0.0807926,0.0843337,0.0878718,0.0913919,0.0948785,0.0983162,0.10169,0.104985,0.108188,0.111285,0.114263,0.117111,0.119815,0.122366,0.124753,0.126964,0.128992,0.130828,0.132465,0.133897,0.135119,0.136125,0.136913,0.137476,0.13781,0.137908,0.137761,0.137358,0.136682,0.135717,0.134439,0.132821,0.130832,0.128435,0.125589,0.122247,0.118361,0.113877,0.108742,0.102902,0.0963074,0.0889143,0.0806908,0.0716217,0.0617157,0.0510136,0.0395972,0.0275968,0.0151891,0.0025642,0.00190438,0.00186273,0.00180936,0.00174957,0.0016874,0.00162588,0.00156724,0.00151302,0.00146425,0.00142159,0.00138543,0.00135593,0.00133317,0.00131724,0.00130873,0.00123982,0.000847533,0.00053023,0.000255735
0.00119566,0.00239455,0.0035999,0.00481498,0.00604301,0.00728727,0.00855104,0.00983758,0.0111502,0.0124921,0.0138666,0.015277,0.0167263,0.0182177,0.0197541,0.0213384,0.0229732,0.0246608,0.0264032,0.028202,0.0300584,0.031973,0.0339456,0.0359754,0.0380607,0.0401988,0.0423864,0.0446186,0.04689,0.0491938,0.0515226,0.0538678,0.0562205,0.058571,0.0609093,0.0632253,0.0655088,0.0677499,0.069939,0.0720668,0.0741243,0.076103,0.0779947,0.0797917,0.0814864,0.0830718,0.0845412,0.0858887,0.0871088,0.0881967,0.0891482,0.0899598,0.0906282,0.0911503,0.0915226,0.0917413,0.0918014,0.0916967,0.091419,0.0909583,0.090302,0.0894349,0.0883388,0.0869925,0.0853717,0.0834489,0.0811942,0.0785749,0.0755569,0.0721053,0.0681861,0.063768,0.0588246,0.0533381,0.0473027,0.0407304,0.0336572,0.0261528,0.0183314,0.0103587,0.00240235,0.00189357,0.00185412,0.00180242,0.00174439,0.00168382,0.00162362,0.00156596,0.00151245,0.00146417,0.00142182,0.00138576,0.00135613,0.00133272,0.00131498,0.00130216,0.00111454,0.000717656,0.00044162,0.00021246
0.000598637,0.00119889,0.00180238,0.00241073,0.00302556,0.00364851,0.00428121,0.0049253,0.00558242,0.00625419,0.00694226,0.00764822,0.00837365,0.00912009,0.00988901,0.0106818,0.0114998,0.012344,0.0132156,0.0141153,0.0150437,0.0160009,0.016987,0.0180014,0.0190434,0.0201116,0.0212042,0.0223189,0.023453,0.024603,0.0257653,0.0269357,0.0281097,0.0292824,0.0304491,0.0316046,0.0327438,0.033862,0.0349542,0.0360159,0.0370425,0.0380298,0.0389737,0.0398703,0.0407159,0.041507,0.0422402,0.0429126,0.0435214,0.0440643,0.0445392,0.0449441,0.0452775,0.0455376,0.0457228,0.0458308,0.0458593,0.0458048,0.0456634,0.0454299,0.0450979,0.0446598,0.0441065,0.0434272,0.04261,0.0416412,0.0405058,0.0391877,0.0376702,0.0359361,0.033969,0.0317538,0.0292782,0.0265342,0.0235207,0.0202458,0.0167321,0.0130256,0.00921722,0.00551194,0.00247185,0.00197311,0.00180929,0.00172802,0.00166533,0.00160653,0.00154953,0.00149516,0.00144462,0.00139888,0.00135852,0.00132362,0.00129313,0.00126259,0.00121556,0.00109182,0.000668322,0.000466927,0.000306134,0.000152484
0,0,0,0,0,0,0,0,0,0,0,0,0,0,0,0,0,0,0,0,0,0,0,0,0,0,0,0,0,0,0,0,0,0,0,0,0,0,0,0,0,0,0,0,0,0,0,0,0,0,0,0,0,0,0,0,0,0,0,0,0,0,0,0,0,0,0,0,0,0,0,0,0,0,0,0,0,0,0,0,0,0,0,0,0,0,0,0,0,0,0,0,0,0,0,0,0,0.000175596,0.000163506,9.13407e-05
0,0,0,0,0,0,0,0,0,0,0,0,0,0,0,0,0,0,0,0,0,0,0,0,0,0,0,0,0,0,0,0,0,0,0,0,0,0,0,0,0,0,0,0,0,0,0,0,0,0,0,0,0,0,0,0,0,0,0,0,0,0,0,0,0,0,0,0,0,0,0,0,0,0,0,0,0,0,0,0,0,0,0,0,0,0,0,0,0,0,0,0,0,0,0,0,0,7.19493e-05,8.09541e-05,4.93733e-05
0,0,0,0,0,0,0,0,0,0,0,0,0,0,0,0,0,0,0,0,0,0,0,0,0,0,0,0,0,0,0,0,0,0,0,0,0,0,0,0,0,0,0,0,0,0,0,0,0,0,0,0,0,0,0,0,0,0,0,0,0,0,0,0,0,0,0,0,0,0,0,0,0,0,0,0,0,0,0,0,0,0,0,0,0,0,0,0,0,0,0,0,0,0,0,0,0,3.12474e-05,3.89876e-05,2.51982e-05
0,0,0,0,0,0,0,0,0,0,0,0,0,0,0,0,0,0,0,0,0,0,0,0,0,0,0,0,0,0,0,0,0,0,0,0,0,0,0,0,0,0,0,0,0,0,0,0,0,0,0,0,0,0,0,0,0,0,0,0,0,0,0,0,0,0,0,0,0,0,0,0,0,0,0,0,0,0,0,0,0,0,0,0,0,0,0,0,0,0,0,0,0,0,0,0,0,1.40529e-05,1.85505e-05,1.24321e-05
0,0,0,0,0,0,0,0,0,0,0,0,0,0,0,0,0,0,0,0,0,0,0,0,0,0,0,0,0,0,0,0,0,0,0,0,0,0,0,0,0,0,0,0,0,0,0,0,0,0,0,0,0,0,0,0,0,0,0,0,0,0,0,0,0,0,0,0,0,0,0,0,0,0,0,0,0,0,0,0,0,0,0,0,0,0,0,0,0,0,0,0,0,0,0,0,0,6.41376e-06,8.7295e-06,5.97961e-06
0,0,0,0,0,0,0,0,0,0,0,0,0,0,0,0,0,0,0,0,0,0,0,0,0,0,0,0,0,0,0,0,0,0,0,0,0,0,0,0,0,0,0,0,0,0,0,0,0,0,0,0,0,0,0,0,0,0,0,0,0,0,0,0,0,0,0,0,0,0,0,0,0,0,0,0,0,0,0,0,0,0,0,0,0,0,0,0,0,0,0,0,0,0,0,0,0,2.87261e-06,3.97413e-06,2.75683e-06
0,0,0,0,0,0,0,0,0,0,0,0,0,0,0,0,0,0,0,0,0,0,0,0,0,0,0,0,0,0,0,0,0,0,0,0,0,0,0,0,0,0,0,0,0,0,0,0,0,0,0,0,0,0,0,0,0,0,0,0,0,0,0,0,0,0,0,0,0,0,0,0,0,0,0,0,0,0,0,0,0,0,0,0,0,0,0,0,0,0,0,0,0,0,0,0,0,1.10254e-06,1.53757e-06,1.0736e-06
