4.83763e-28,9.48969e-28,1.56271e-27,2.45759e-27,3.77307e-27,5.66978e-27,8.32416e-27,1.19011e-26,1.64965e-26,2.20451e-26,2.81973e-26,3.42013e-26,3.88694e-26,4.07556e-26,3.8657e-26,3.23817e-26,2.33488e-26,1.42466e-26,7.423e-27,3.36552e-27,1.35241e-27,4.88905e-28,1.60807e-28,4.85208e-29,1.35087e-29,3.48384e-30,8.34284e-31,1.85738e-31,3.84508e-32,7.39673e-33,1.32031e-33,2.18209e-34,3.32947e-35,4.67315e-36,6.00703e-37,7.03429e-38,7.45661e-39,7.10127e-40,6.0208e-41,4.49465e-42,2.91435e-43,1.61335e-44,7.45725e-46,2.79272e-47,8.11726e-49,1.71269e-50,2.32614e-52,1.52198e-54,0,0,0,0,0,0,0,0,0,0,0,0,0,0,0,0,0,0,0,0,0,0,0,0,0,0,0,0,0,0,0,0,0,0,0,0,0,0,0,0,0,0,0,0,0,0,0,0,0,0,0,0
9.86084e-28,1.94511e-27,3.22833e-27,5.12421e-27,7.94885e-27,1.2082e-26,1.79645e-26,2.60478e-26,3.66759e-26,4.98724e-26,6.50268e-26,8.05338e-26,9.35583e-26,1.00268e-25,9.69611e-26,8.22174e-26,5.91458e-26,3.52423e-26,1.76915e-26,7.68263e-27,2.95269e-27,1.02171e-27,3.22223e-28,9.3414e-29,2.50382e-29,6.2279e-30,1.44065e-30,3.10203e-31,6.21672e-32,1.15848e-32,2.0039e-33,3.20975e-34,4.74579e-35,6.45222e-36,8.02882e-37,9.09349e-38,9.31309e-39,8.55755e-40,6.98939e-41,5.01709e-42,3.1214e-43,1.65403e-44,7.2984e-46,2.60135e-47,7.17229e-49,1.43027e-50,1.82869e-52,1.12146e-54,0,0,0,0,0,0,0,0,0,0,0,0,0,0,0,0,0,0,0,0,0,0,0,0,0,0,0,0,0,0,0,0,0,0,0,0,0,0,0,0,0,0,0,0,0,0,0,0,0,0,0,0
1.71118e-27,3.39994e-27,5.69762e-27,9.14556e-27,1.43652e-26,2.21391e-26,3.3429e-26,4.9313e-26,7.07896e-26,9.83727e-26,1.31411e-25,1.67157e-25,1.99852e-25,2.20578e-25,2.19152e-25,1.8928e-25,1.35908e-25,7.81203e-26,3.71604e-26,1.52008e-26,5.50289e-27,1.79807e-27,5.37328e-28,1.48138e-28,3.78893e-29,9.02086e-30,2.0027e-30,4.14799e-31,8.01113e-32,1.44082e-32,2.40819e-33,3.73033e-34,5.33694e-35,7.02322e-36,8.45973e-37,9.27373e-38,9.18951e-39,8.16586e-40,6.44544e-41,4.46755e-42,2.68139e-43,1.36929e-44,5.81611e-46,1.99326e-47,5.27841e-49,1.00997e-50,1.23798e-52,7.27435e-55,0,0,0,0,0,0,0,0,0,0,0,0,0,0,0,0,0,0,0,0,0,0,0,0,0,0,0,0,0,0,0,0,0,0,0,0,0,0,0,0,0,0,0,0,0,0,0,0,0,0,0,0
2.8575e-27,5.72138e-27,9.68441e-27,1.57253e-26,2.50186e-26,3.91084e-26,5.99929e-26,9.00865e-26,1.31951e-25,1.8761e-25,2.5722e-25,3.3692e-25,4.16093e-25,4.75332e-25,4.88277e-25,4.32296e-25,3.10184e-25,1.69038e-25,7.47201e-26,2.83068e-26,9.51949e-27,2.90462e-27,8.15119e-28,2.12158e-28,5.14743e-29,1.16735e-29,2.4773e-30,4.91911e-31,9.13024e-32,1.5812e-32,2.54875e-33,3.81198e-34,5.27022e-35,6.7057e-36,7.8119e-37,8.28252e-38,7.93643e-39,6.81682e-40,5.19775e-41,3.47749e-42,2.01258e-43,9.89838e-45,4.04364e-46,1.33068e-47,3.37742e-49,6.18087e-51,7.22883e-53,4.04131e-55,0,0,0,0,0,0,0,0,0,0,0,0,0,0,0,0,0,0,0,0,0,0,0,0,0,0,0,0,0,0,0,0,0,0,0,0,0,0,0,0,0,0,0,0,0,0,0,0,0,0,0,0
4.68625e-27,9.45465e-27,1.61614e-26,2.65382e-26,4.27477e-26,6.77421e-26,1.05515e-25,1.61197e-25,2.40804e-25,3.50251e-25,4.93036e-25,6.65839e-25,8.51618e-25,1.01153e-24,1.0818e-24,9.90301e-25,7.12759e-25,3.57641e-25,1.42904e-25,4.90819e-26,1.50934e-26,4.25077e-27,1.11061e-27,2.71167e-28,6.2111e-29,1.33685e-29,2.70429e-30,5.13678e-31,9.14634e-32,1.52294e-32,2.36428e-33,3.40996e-34,4.55022e-35,5.59087e-36,6.29088e-37,6.44165e-38,5.95908e-39,4.9383e-40,3.6296e-41,2.338e-42,1.30086e-43,6.1401e-45,2.40219e-46,7.55213e-48,1.82599e-49,3.17282e-51,3.50975e-53,1.84745e-55,0,0,0,0,0,0,0,0,0,0,0,0,0,0,0,0,0,0,0,0,0,0,0,0,0,0,0,0,0,0,0,0,0,0,0,0,0,0,0,0,0,0,0,0,0,0,0,0,0,0,0,0
7.57562e-27,1.53977e-26,2.65702e-26,4.41e-26,7.18751e-26,1.15377e-25,1.82304e-25,2.83059e-25,4.30804e-25,6.4042e-25,9.25097e-25,1.28851e-24,1.70994e-24,2.12097e-24,2.38078e-24,2.28143e-24,1.66318e-24,7.27612e-25,2.52052e-25,7.62771e-26,2.10398e-26,5.39887e-27,1.30194e-27,2.96475e-28,6.38648e-29,1.30132e-29,2.50509e-30,4.54666e-31,7.75959e-32,1.24134e-32,1.85469e-33,2.57752e-34,3.31648e-35,3.93052e-36,4.26561e-37,4.21101e-38,3.75287e-39,2.99286e-40,2.11386e-41,1.30615e-42,6.95612e-44,3.13446e-45,1.16707e-46,3.47904e-48,7.9413e-50,1.29591e-51,1.33783e-53,6.52043e-56,0,0,0,0,0,0,0,0,0,0,0,0,0,0,0,0,0,0,0,0,0,0,0,0,0,0,0,0,0,0,0,0,0,0,0,0,0,0,0,0,0,0,0,0,0,0,0,0,0,0,0,0
1.20798e-26,2.47299e-26,4.30644e-26,7.221e-26,1.19e-25,1.93336e-25,3.09564e-25,4.87874e-25,7.55377e-25,1.14587e-24,1.69614e-24,2.43455e-24,3.35434e-24,4.36054e-24,5.18318e-24,5.28988e-24,3.99363e-24,1.35958e-24,3.81817e-25,9.78783e-26,2.36591e-26,5.45689e-27,1.20541e-27,2.55019e-28,5.15791e-29,9.94611e-30,1.82265e-30,3.16278e-31,5.17707e-32,7.96108e-33,1.14506e-33,1.53324e-34,1.90142e-35,2.17165e-36,2.26997e-37,2.15631e-38,1.84666e-39,1.41267e-40,9.54999e-42,5.63275e-43,2.85416e-44,1.21885e-45,4.28062e-47,1.19673e-48,2.54385e-50,3.83175e-52,3.60972e-54,1.58071e-56,0,0,0,0,0,0,0,0,0,0,0,0,0,0,0,0,0,0,0,0,0,0,0,0,0,0,0,0,0,0,0,0,0,0,0,0,0,0,0,0,0,0,0,0,0,0,0,0,0,0,0,0
1.90011e-26,3.91741e-26,6.88227e-26,1.16538e-25,1.94076e-25,3.18873e-25,5.16836e-25,8.2563e-25,1.29818e-24,2.00524e-24,3.03429e-24,4.47785e-24,6.39687e-24,8.7281e-24,1.10765e-23,1.2313e-23,1.00843e-23,1.98474e-24,4.01199e-25,8.24415e-26,1.70258e-26,3.4947e-27,7.05782e-28,1.39016e-28,2.65025e-29,4.858e-30,8.51136e-31,1.41756e-31,2.23271e-32,3.30866e-33,4.58949e-34,5.92714e-35,7.08656e-36,7.79607e-37,7.8388e-38,7.14993e-39,5.8661e-40,4.2871e-41,2.75937e-42,1.54323e-43,7.37797e-45,2.95478e-46,9.65918e-48,2.48989e-49,4.82047e-51,6.50395e-53,5.35829e-55,1.97589e-57,0,0,0,0,0,0,0,0,0,0,0,0,0,0,0,0,0,0,0,0,0,0,0,0,0,0,0,0,0,0,0,0,0,0,0,0,0,0,0,0,0,0,0,0,0,0,0,0,0,0,0,0
2.94811e-26,6.12031e-26,1.08458e-25,1.85404e-25,3.1188e-25,5.1788e-25,8.48906e-25,1.37279e-24,2.18808e-24,3.43324e-24,5.29386e-24,8.00075e-24,1.18006e-23,1.6852e-23,2.29168e-23,2.84418e-23,2.76258e-23,0,0,0,0,0,0,0,0,0,0,0,0,0,0,0,0,0,0,0,0,0,0,0,0,0,0,0,0,0,0,0,0,0,0,0,0,0,0,0,0,0,0,0,0,0,0,0,0,0,0,0,0,0,0,0,0,0,0,0,0,0,0,0,0,0,0,0,0,0,0,0,0,0,0,0,0,0,0,0,0,0,0,0
4.51092e-26,9.42937e-26,1.68532e-25,2.90796e-25,4.93959e-25,8.28576e-25,1.37265e-24,2.24476e-24,3.62138e-24,5.75869e-24,9.01752e-24,1.38868e-23,2.0994e-23,3.10789e-23,4.48817e-23,6.28826e-23,8.49435e-23,1.11009e-22,1.50948e-22,2.02604e-22,2.66164e-22,3.41468e-22,4.27184e-22,5.20386e-22,6.16361e-22,7.08693e-22,7.89729e-22,8.51434e-22,8.86602e-22,8.90237e-22,8.6085e-22,8.01435e-22,7.20005e-22,6.2991e-22,5.50672e-22,5.10865e-22,5.55708e-22,7.6405e-22,1.28299e-21,2.39519e-21,4.6467e-21,9.08632e-21,1.77095e-20,3.42731e-20,6.57741e-20,1.25104e-19,2.35748e-19,4.40001e-19,8.1313e-19,1.4874e-18,2.69224e-18,4.82021e-18,8.53339e-18,1.49317e-17,2.58134e-17,4.40693e-17,7.42631e-17,1.23462e-16,2.02384e-16,3.26925e-16,5.20081e-16,8.14228e-16,1.25358e-15,1.89642e-15,2.81655e-15,4.10279e-15,5.85552e-15,8.17847e-15,1.11646e-14,1.48752e-14,1.93124e-14,2.43886e-14,2.98969e-14,3.54922e-14,4.06925e-14,4.49104e-14,4.75216e-14,4.7967e-14,4.58749e-14,4.11763e-14,3.41785e-14,2.55642e-14,1.62987e-14,7.45553e-15,0,0,0,0,0,0,0,0,0,0,0,0,0,0,0,0
6.80473e-26,1.43223e-25,2.58177e-25,4.49614e-25,7.71108e-25,1.30632e-24,2.18626e-24,3.61321e-24,5.89372e-24,9.48253e-24,1.50383e-23,2.34897e-23,3.61055e-23,5.45577e-23,8.0958e-23,1.17861e-22,1.68283e-22,2.35971e-22,3.26084e-22,4.4169e-22,5.85049e-22,7.56663e-22,9.54213e-22,1.17163e-21,1.39855e-21,1.62028e-21,1.81882e-21,1.97465e-21,2.06965e-21,2.09041e-21,2.03146e-21,1.89774e-21,1.70582e-21,1.48401e-21,1.27289e-21,1.12899e-21,1.13676e-21,1.4377e-21,2.29152e-21,4.19695e-21,8.12286e-21,1.59441e-20,3.1255e-20,6.08732e-20,1.17592e-19,2.25154e-19,4.27144e-19,8.02649e-19,1.49349e-18,2.75086e-18,5.01397e-18,9.04045e-18,1.61188e-17,2.84077e-17,4.94677e-17,8.50735e-17,1.44426e-16,2.41911e-16,3.99562e-16,6.50394e-16,1.04269e-15,1.64522e-15,2.55305e-15,3.89324e-15,5.82902e-15,8.56045e-15,1.23184e-14,1.73486e-14,2.38818e-14,3.20878e-14,4.20132e-14,5.35081e-14,6.6152e-14,7.92e-14,9.15713e-14,1.01907e-13,1.08719e-13,1.1062e-13,1.06619e-13,9.64143e-14,8.05969e-14,6.06838e-14,3.8926e-14,1.7904e-14,0,0,0,0,0,0,0,0,0,0,0,0,0,0,0,0
1.01158e-25,2.14389e-25,3.89782e-25,6.85121e-25,1.18633e-24,2.02955e-24,3.43088e-24,5.72865e-24,9.44331e-24,1.53597e-23,2.46359e-23,3.89404e-23,6.06152e-23,9.28522e-23,1.39863e-22,2.0701e-22,3.00852e-22,4.29056e-22,5.99991e-22,8.21431e-22,1.0995e-21,1.43696e-21,1.83109e-21,2.27167e-21,2.73946e-21,3.20575e-21,3.6338e-21,3.98233e-21,4.21123e-21,4.28864e-21,4.19822e-21,3.94472e-21,3.5568e-21,3.08655e-21,2.60785e-21,2.218e-21,2.05118e-21,2.31702e-21,3.38719e-21,5.97024e-21,1.14498e-20,2.25264e-20,4.4425e-20,8.71444e-20,1.69611e-19,3.27256e-19,6.2569e-19,1.18503e-18,2.22265e-18,4.12709e-18,7.58418e-18,1.37885e-17,2.47917e-17,4.40665e-17,7.74006e-17,1.34283e-16,2.30003e-16,3.88741e-16,6.47985e-16,1.06462e-15,1.72295e-15,2.74477e-15,4.301e-15,6.62391e-15,1.00175e-14,1.48622e-14,2.16088e-14,3.07534e-14,4.27867e-14,5.81098e-14,7.69155e-14,9.90393e-14,1.23801e-13,1.49871e-13,1.75214e-13,1.97159e-13,2.12657e-13,2.18729e-13,2.13067e-13,1.94672e-13,1.6436e-13,1.24931e-13,8.08566e-14,3.75002e-14,0,0,0,0,0,0,0,0,0,0,0,0,0,0,0,0
1.48123e-25,3.1611e-25,5.79701e-25,1.02848e-24,1.79812e-24,3.1066e-24,5.30445e-24,8.94789e-24,1.49043e-23,2.4501e-23,3.97268e-23,6.34955e-23,9.99713e-23,1.54943e-22,2.36212e-22,3.53931e-22,5.20769e-22,7.51757e-22,1.06357e-21,1.47297e-21,1.99447e-21,2.63685e-21,3.399e-21,4.26539e-21,5.20226e-21,6.15581e-21,7.05375e-21,7.81148e-21,8.34296e-21,8.57544e-21,8.46507e-21,8.00999e-21,7.25707e-21,6.30066e-21,5.27551e-21,4.35117e-21,3.74107e-21,3.74729e-21,4.87352e-21,8.06223e-21,1.51593e-20,2.98024e-20,5.91024e-20,1.16803e-19,2.29167e-19,4.45828e-19,8.59564e-19,1.64187e-18,3.10612e-18,5.81811e-18,1.07868e-17,1.97878e-17,3.5904e-17,6.44112e-17,1.14202e-16,2.00028e-16,3.45946e-16,5.90484e-16,9.94161e-16,1.65006e-15,2.69816e-15,4.34374e-15,6.87967e-15,1.0711e-14,1.63784e-14,2.45738e-14,3.61387e-14,5.20312e-14,7.32456e-14,1.00669e-13,1.34863e-13,1.75782e-13,2.22444e-13,2.72632e-13,3.227e-13,3.67629e-13,4.01421e-13,4.17916e-13,4.11963e-13,3.80774e-13,3.25088e-13,2.49739e-13,1.6326e-13,7.64246e-14,0,0,0,0,0,0,0,0,0,0,0,0,0,0,0,0
2.13512e-25,4.58857e-25,8.48833e-25,1.5202e-24,2.68374e-24,4.68288e-24,8.07705e-24,1.37656e-23,2.317e-23,3.84962e-23,6.30987e-23,1.01969e-22,1.62357e-22,2.54519e-22,3.92538e-22,5.95105e-22,8.86065e-22,1.29442e-21,1.85334e-21,2.59783e-21,3.56035e-21,4.76449e-21,6.21647e-21,7.89562e-21,9.74542e-21,1.16678e-20,1.35236e-20,1.51426e-20,1.63439e-20,1.69655e-20,1.68978e-20,1.61136e-20,1.46854e-20,1.27842e-20,1.06609e-20,8.62258e-21,7.02487e-21,6.31367e-21,7.16417e-21,1.07924e-20,1.95763e-20,3.82507e-20,7.61798e-20,1.5166e-19,3.00012e-19,5.88645e-19,1.1448e-18,2.20604e-18,4.21082e-18,7.95904e-18,1.48921e-17,2.75745e-17,5.0508e-17,9.14845e-17,1.63793e-16,2.89744e-16,5.06179e-16,8.72868e-16,1.48497e-15,2.49091e-15,4.11721e-15,6.70127e-15,1.07326e-14,1.69002e-14,2.61425e-14,3.96869e-14,5.90655e-14,8.60788e-14,1.22678e-13,1.7073e-13,2.31639e-13,3.05816e-13,3.92037e-13,4.86787e-13,5.83762e-13,6.73776e-13,7.45318e-13,7.85954e-13,7.8456e-13,7.34078e-13,6.34135e-13,4.92629e-13,3.25431e-13,1.53818e-13,0,0,0,0,0,0,0,0,0,0,0,0,0,0,0,0
3.02778e-25,6.55303e-25,1.22294e-24,2.21108e-24,3.94189e-24,6.94749e-24,1.21059e-23,2.08473e-23,3.54626e-23,5.95573e-23,9.86946e-23,1.61279e-22,2.59719e-22,4.11866e-22,6.42687e-22,9.85983e-22,1.48583e-21,2.19719e-21,3.18492e-21,4.52013e-21,6.27293e-21,8.50069e-21,1.12317e-20,1.44456e-20,1.80529e-20,2.18801e-20,2.56652e-20,2.90716e-20,3.17256e-20,3.32738e-20,3.34549e-20,3.21671e-20,2.95118e-20,2.57972e-20,2.14987e-20,1.71937e-20,1.35091e-20,1.1138e-20,1.09967e-20,1.46239e-20,2.49985e-20,4.81163e-20,9.59991e-20,1.92423e-19,3.83785e-19,7.59537e-19,1.49023e-18,2.89748e-18,5.58106e-18,1.06465e-17,2.01076e-17,3.75864e-17,6.95125e-17,1.27144e-16,2.29911e-16,4.10832e-16,7.25126e-16,1.26356e-15,2.17259e-15,3.68397e-15,6.15662e-15,1.01336e-14,1.64161e-14,2.61524e-14,4.09364e-14,6.28998e-14,9.47698e-14,1.3985e-13,2.01862e-13,2.84583e-13,3.91205e-13,5.23385e-13,6.80019e-13,8.55882e-13,1.04045e-12,1.21734e-12,1.36497e-12,1.45881e-12,1.47548e-12,1.39827e-12,1.2228e-12,9.61018e-13,6.41752e-13,3.06346e-13,0,0,0,0,0,0,0,0,0,0,0,0,0,0,0,0
4.22111e-25,9.2009e-25,1.73238e-24,3.16233e-24,5.69391e-24,1.01375e-23,1.78476e-23,3.10595e-23,5.34029e-23,9.06703e-23,1.51931e-22,2.511e-22,4.09049e-22,6.56327e-22,1.03644e-21,1.60947e-21,2.45546e-21,3.67672e-21,5.39749e-21,7.75902e-21,1.09079e-20,1.49752e-20,2.00462e-20,2.61202e-20,3.30679e-20,4.05929e-20,4.82129e-20,5.52755e-20,6.1021e-20,6.46943e-20,6.5693e-20,6.37176e-20,5.88804e-20,5.173e-20,4.31747e-20,3.433e-20,2.63609e-20,2.04186e-20,1.77901e-20,2.03969e-20,3.18612e-20,5.95617e-20,1.18546e-19,2.39e-19,4.80527e-19,9.59259e-19,1.89888e-18,3.72551e-18,7.24202e-18,1.3944e-17,2.65851e-17,5.01726e-17,9.36969e-17,1.73082e-16,3.1614e-16,5.7072e-16,1.01786e-15,1.79253e-15,3.11551e-15,5.34114e-15,9.02645e-15,1.50276e-14,2.46288e-14,3.97036e-14,6.29039e-14,9.78522e-14,1.49297e-13,2.23155e-13,3.26338e-13,4.66224e-13,6.49622e-13,8.81126e-13,1.16085e-12,1.48174e-12,1.82693e-12,2.16808e-12,2.46563e-12,2.67228e-12,2.74022e-12,2.63172e-12,2.33108e-12,1.85428e-12,1.25218e-12,6.03822e-13,0,0,0,0,0,0,0,0,0,0,0,0,0,0,0,0
5.78102e-25,1.26915e-24,2.41109e-24,4.44404e-24,8.08209e-24,1.45373e-23,2.58619e-23,4.54876e-23,7.90629e-23,1.3573e-22,2.30014e-22,3.84545e-22,6.33821e-22,1.02921e-21,1.64519e-21,2.58665e-21,3.9964e-21,6.06132e-21,9.01475e-21,1.31311e-20,1.87081e-20,2.60321e-20,3.53219e-20,4.66518e-20,5.9862e-20,7.44696e-20,8.9611e-20,1.04046e-19,1.16258e-19,1.24663e-19,1.27908e-19,1.25204e-19,1.16587e-19,1.0301e-19,8.62101e-20,6.83818e-20,5.17776e-20,3.84447e-20,3.02975e-20,2.97228e-20,4.09678e-20,7.2805e-20,1.43543e-19,2.90576e-19,5.88728e-19,1.18543e-18,2.36761e-18,4.6875e-18,9.19642e-18,1.78736e-17,3.44022e-17,6.5555e-17,1.23629e-16,2.30663e-16,4.25606e-16,7.76303e-16,1.39913e-15,2.49046e-15,4.37599e-15,7.58589e-15,1.29662e-14,2.18377e-14,3.62148e-14,5.90891e-14,9.47765e-14,1.49298e-13,2.30735e-13,3.49435e-13,5.17899e-13,7.50079e-13,1.0598e-12,1.458e-12,1.94873e-12,2.52397e-12,3.15816e-12,3.80382e-12,4.39035e-12,4.82869e-12,5.02342e-12,4.89261e-12,4.39222e-12,3.53819e-12,2.4172e-12,1.1778e-12,0,0,0,0,0,0,0,0,0,0,0,0,0,0,0,0
7.7715e-25,1.71845e-24,3.29423e-24,6.13134e-24,1.12637e-23,2.04702e-23,3.68024e-23,6.54301e-23,1.1498e-22,1.99614e-22,3.42167e-22,5.78768e-22,9.65392e-22,1.58682e-21,2.56825e-21,4.08945e-21,6.40042e-21,9.83612e-21,1.48261e-20,2.18917e-20,3.16226e-20,4.46201e-20,6.13992e-20,8.22447e-20,1.07028e-19,1.35013e-19,1.64704e-19,1.93794e-19,2.19313e-19,2.37993e-19,2.46871e-19,2.43993e-19,2.29034e-19,2.0359e-19,1.70975e-19,1.3554e-19,1.01761e-19,7.34935e-20,5.38084e-20,4.56917e-20,5.38777e-20,8.83201e-20,1.70546e-19,3.45626e-19,7.05216e-19,1.43213e-18,2.886e-18,5.76618e-18,1.1418e-17,2.24009e-17,4.353e-17,8.37574e-17,1.59523e-16,3.00635e-16,5.60406e-16,1.03286e-15,1.88134e-15,3.38515e-15,6.01389e-15,1.0543e-14,1.82285e-14,3.10625e-14,5.21333e-14,8.61104e-14,1.39859e-13,2.23157e-13,3.49435e-13,5.36355e-13,8.05934e-13,1.18377e-12,1.69676e-12,2.36877e-12,3.2137e-12,4.22604e-12,5.36987e-12,6.56878e-12,7.70045e-12,8.60124e-12,9.08537e-12,8.98075e-12,8.17722e-12,6.67524e-12,4.61596e-12,2.27343e-12,0,0,0,0,0,0,0,0,0,0,0,0,0,0,0,0
1.02459e-24,2.28202e-24,4.41453e-24,8.29759e-24,1.5399e-23,2.82783e-23,5.13836e-23,9.23515e-23,1.64101e-22,2.88141e-22,4.99677e-22,8.55273e-22,1.44401e-21,2.40313e-21,3.93906e-21,6.35399e-21,1.00771e-20,1.5697e-20,2.39883e-20,3.59205e-20,5.26317e-20,7.53447e-20,1.05202e-19,1.43003e-19,1.88851e-19,2.41736e-19,2.9917e-19,3.56978e-19,4.0945e-19,4.49971e-19,4.72176e-19,4.71434e-19,4.46278e-19,3.99225e-19,3.3654e-19,2.66885e-19,1.99291e-19,1.41332e-19,9.83345e-20,7.41336e-20,7.3583e-20,1.07178e-19,1.99101e-19,4.01965e-19,8.25092e-19,1.68959e-18,3.43534e-18,6.9268e-18,1.38443e-17,2.74188e-17,5.37946e-17,1.04522e-16,2.01056e-16,3.82749e-16,7.20843e-16,1.34253e-15,2.47163e-15,4.49595e-15,8.07651e-15,1.43206e-14,2.50487e-14,4.31938e-14,7.33791e-14,1.22719e-13,2.01873e-13,3.26342e-13,5.179e-13,8.05934e-13,1.2282e-12,1.83027e-12,2.66261e-12,3.77401e-12,5.20028e-12,6.94753e-12,8.97124e-12,1.11545e-11,1.32923e-11,1.50922e-11,1.62014e-11,1.62689e-11,1.5038e-11,1.24498e-11,8.71969e-12,4.34268e-12,0,0,0,0,0,0,0,0,0,0,0,0,0,0,0,0
1.32352e-24,2.96929e-24,5.79677e-24,1.10039e-23,2.06316e-23,3.82866e-23,7.03192e-23,1.27777e-22,2.2961e-22,4.07821e-22,7.15576e-22,1.23964e-21,2.1189e-21,3.57105e-21,5.92955e-21,9.69216e-21,1.55808e-20,2.46086e-20,3.81433e-20,5.7948e-20,8.61668e-20,1.25213e-19,1.77505e-19,2.45013e-19,3.28582e-19,4.27104e-19,5.3666e-19,6.49918e-19,7.56146e-19,8.42198e-19,8.94659e-19,9.02909e-19,8.62337e-19,7.76507e-19,6.57131e-19,5.21445e-19,3.87837e-19,2.71568e-19,1.82501e-19,1.25813e-19,1.05656e-19,1.31615e-19,2.29035e-19,4.56928e-19,9.41844e-19,1.94415e-18,3.98819e-18,8.11552e-18,1.63721e-17,3.27338e-17,6.48436e-17,1.2723e-16,2.47185e-16,4.75359e-16,9.0455e-16,1.7025e-15,3.16818e-15,5.82649e-15,1.05845e-14,1.89837e-14,3.35963e-14,5.86322e-14,1.00839e-13,1.70782e-13,2.84597e-13,4.66228e-13,7.5008e-13,1.18377e-12,1.83027e-12,2.76836e-12,4.0894e-12,5.88825e-12,8.24559e-12,1.11998e-11,1.47085e-11,1.86048e-11,2.2559e-11,2.60635e-11,2.84662e-11,2.9071e-11,2.7309e-11,2.2952e-11,1.62948e-11,8.21049e-12,0,0,0,0,0,0,0,0,0,0,0,0,0,0,0,0
1.67344e-24,3.78169e-24,7.45091e-24,1.42852e-23,2.70608e-23,5.07498e-23,9.42215e-23,1.73113e-22,3.14617e-22,5.65323e-22,1.00379e-21,1.76025e-21,3.04662e-21,5.20084e-21,8.7501e-21,1.44969e-20,2.36298e-20,3.7855e-20,5.95352e-20,9.18043e-20,1.38605e-19,2.04565e-19,2.94615e-19,4.13222e-19,5.63181e-19,7.43973e-19,9.49924e-19,1.16864e-18,1.38044e-18,1.55971e-18,1.67871e-18,1.71371e-18,1.65209e-18,1.4978e-18,1.27239e-18,1.01012e-18,7.48574e-19,5.1893e-19,3.40296e-19,2.20129e-19,1.60121e-19,1.65937e-19,2.60919e-19,5.077e-19,1.04774e-18,2.17888e-18,4.50919e-18,9.26012e-18,1.88564e-17,3.80605e-17,7.61267e-17,1.50841e-16,2.96e-16,5.75054e-16,1.10566e-15,2.10314e-15,3.95617e-15,7.35629e-15,1.35151e-14,2.45208e-14,4.39112e-14,7.75676e-14,1.35073e-13,2.31703e-13,3.91223e-13,6.49627e-13,1.0598e-12,1.69676e-12,2.66261e-12,4.0894e-12,6.13702e-12,8.98185e-12,1.2791e-11,1.7677e-11,2.36312e-11,3.04394e-11,3.75972e-11,4.42548e-11,4.92408e-11,5.12119e-11,4.89574e-11,4.18232e-11,3.01289e-11,1.53694e-11,0,0,0,0,0,0,0,0,0,0,0,0,0,0,0,0
2.06872e-24,4.7091e-24,9.36405e-24,1.8133e-23,3.47065e-23,6.57821e-23,1.23464e-22,2.29377e-22,4.21653e-22,7.66567e-22,1.37757e-21,2.44567e-21,4.28689e-21,7.41397e-21,1.26416e-20,2.12344e-20,3.5105e-20,5.70625e-20,9.10946e-20,1.42642e-19,2.18774e-19,3.28131e-19,4.80413e-19,6.85195e-19,9.49816e-19,1.27631e-18,1.65757e-18,2.07367e-18,2.48961e-18,2.85652e-18,3.1181e-18,3.22249e-18,3.13766e-18,2.86471e-18,2.4425e-18,1.93891e-18,1.43097e-18,9.82847e-19,6.32415e-19,3.91087e-19,2.5434e-19,2.17836e-19,2.96728e-19,5.51831e-19,1.13457e-18,2.37481e-18,4.95732e-18,1.02739e-17,2.11171e-17,4.30304e-17,8.69027e-17,1.73894e-16,3.44667e-16,6.76461e-16,1.31422e-15,2.52649e-15,4.80427e-15,9.03268e-15,1.67839e-14,3.08068e-14,5.58279e-14,9.98295e-14,1.76034e-13,3.05892e-13,5.23407e-13,8.81131e-13,1.458e-12,2.36877e-12,3.77401e-12,5.88825e-12,8.98185e-12,1.33695e-11,1.9376e-11,2.72676e-11,3.71419e-11,4.87747e-11,6.14457e-11,7.3792e-11,8.37763e-11,8.88803e-11,8.66139e-11,7.53295e-11,5.51381e-11,2.85017e-11,0,0,0,0,0,0,0,0,0,0,0,0,0,0,0,0
2.49739e-24,5.72635e-24,1.14925e-23,2.24781e-23,4.34707e-23,8.32741e-23,1.58006e-22,2.96852e-22,5.51986e-22,1.01541e-21,1.84698e-21,3.32015e-21,5.89477e-21,1.03301e-20,1.7855e-20,3.04146e-20,5.10131e-20,8.41639e-20,1.36436e-19,2.17043e-19,3.38343e-19,5.16018e-19,7.68554e-19,1.11553e-18,1.57415e-18,2.15373e-18,2.84814e-18,3.62753e-18,4.43185e-18,5.17024e-18,5.73058e-18,6.00191e-18,5.90664e-18,5.43242e-18,4.6474e-18,3.68589e-18,2.70609e-18,1.8404e-18,1.16456e-18,6.96453e-19,4.1716e-19,3.00146e-19,3.40647e-19,5.87881e-19,1.1946e-18,2.51292e-18,5.28977e-18,1.1063e-17,2.29523e-17,4.72164e-17,9.62819e-17,1.94564e-16,3.89515e-16,7.72314e-16,1.51612e-15,2.94572e-15,5.66252e-15,1.0765e-14,2.02313e-14,3.75692e-14,6.8901e-14,1.24729e-13,2.22738e-13,3.92124e-13,6.80043e-13,1.16086e-12,1.94873e-12,3.2137e-12,5.20028e-12,8.24559e-12,1.2791e-11,1.9376e-11,2.85986e-11,4.10199e-11,5.69918e-11,7.63952e-11,9.83049e-11,1.20651e-10,1.40026e-10,1.51852e-10,1.51169e-10,1.34128e-10,9.99329e-11,5.24091e-11,0,0,0,0,0,0,0,0,0,0,0,0,0,0,0,0
2.94028e-24,6.79087e-24,1.37553e-23,2.71742e-23,5.30998e-23,1.02808e-22,1.97212e-22,3.74688e-22,7.04791e-22,1.31195e-21,2.41564e-21,4.39724e-21,7.90879e-21,1.40458e-20,2.46142e-20,4.25294e-20,7.23896e-20,1.21262e-19,1.99689e-19,3.22869e-19,5.11831e-19,7.94251e-19,1.20425e-18,1.78026e-18,2.55976e-18,3.56973e-18,4.81254e-18,6.2485e-18,7.77943e-18,9.24117e-18,1.04154e-17,1.10689e-17,1.10204e-17,1.02139e-17,8.76396e-18,6.9363e-18,5.05706e-18,3.39978e-18,2.11533e-18,1.23066e-18,6.94209e-19,4.32803e-19,3.99857e-19,6.1607e-19,1.2218e-18,2.5766e-18,5.46722e-18,1.15378e-17,2.41611e-17,5.01764e-17,1.03309e-16,2.10822e-16,4.26299e-16,8.53896e-16,1.69377e-15,3.32596e-15,6.46309e-15,1.2424e-14,2.36158e-14,4.43683e-14,8.23506e-14,1.50924e-13,2.72962e-13,4.86883e-13,8.55908e-13,1.48174e-12,2.52397e-12,4.22604e-12,6.94753e-12,1.11998e-11,1.7677e-11,2.72676e-11,4.10199e-11,6.00235e-11,8.51609e-11,1.16687e-10,1.53627e-10,1.9307e-10,2.29582e-10,2.5514e-10,2.60176e-10,2.36152e-10,1.79535e-10,9.56939e-11,0,0,0,0,0,0,0,0,0,0,0,0,0,0,0,0
3.37112e-24,7.84221e-24,1.60319e-23,3.1989e-23,6.3158e-23,1.23589e-22,2.39678e-22,4.60507e-22,8.76271e-22,1.65065e-21,3.07671e-21,5.67177e-21,1.0335e-20,1.86037e-20,3.30591e-20,5.7951e-20,1.00125e-19,1.70341e-19,2.85058e-19,4.68651e-19,7.55901e-19,1.19422e-18,1.84463e-18,2.77978e-18,4.07668e-18,5.80143e-18,7.9839e-18,1.0583e-17,1.34489e-17,1.62957e-17,1.87083e-17,2.02071e-17,2.03781e-17,1.90419e-17,1.63793e-17,1.29156e-17,9.32803e-18,6.18236e-18,3.77534e-18,2.14076e-18,1.15331e-18,6.44289e-19,4.84885e-19,6.38681e-19,1.21291e-18,2.55435e-18,5.4599e-18,1.16254e-17,2.45711e-17,5.15121e-17,1.07083e-16,2.2067e-16,4.50675e-16,9.11924e-16,1.82768e-15,3.62705e-15,7.12473e-15,1.38482e-14,2.66229e-14,5.06035e-14,9.50539e-14,1.76365e-13,3.23057e-13,5.83865e-13,1.04048e-12,1.82694e-12,3.15817e-12,5.36987e-12,8.97124e-12,1.47085e-11,2.36312e-11,3.71419e-11,5.69918e-11,8.51609e-11,1.23536e-10,1.73289e-10,2.33869e-10,3.01653e-10,3.68518e-10,4.21017e-10,4.41324e-10,4.11289e-10,3.20157e-10,1.7388e-10,0,0,0,0,0,0,0,0,0,0,0,0,0,0,0,0
3.7578e-24,8.80442e-24,1.81647e-23,3.66065e-23,7.30228e-23,1.44414e-22,2.83131e-22,5.50121e-22,1.05893e-21,2.01857e-21,3.80891e-21,7.11102e-21,1.31284e-20,2.39547e-20,4.31706e-20,7.6788e-20,1.34696e-19,2.32799e-19,3.9602e-19,6.62298e-19,1.08742e-18,1.75014e-18,2.75601e-18,4.23736e-18,6.34493e-18,9.22536e-18,1.29787e-17,1.75932e-17,2.28634e-17,2.83155e-17,3.31841e-17,3.6502e-17,3.73459e-17,3.52097e-17,3.03417e-17,2.37836e-17,1.69587e-17,1.10388e-17,6.5942e-18,3.64091e-18,1.88689e-18,9.70885e-19,6.08734e-19,6.59838e-19,1.16814e-18,2.44208e-18,5.25325e-18,1.12835e-17,2.4069e-17,5.09356e-17,1.06901e-16,2.22446e-16,4.58821e-16,9.37817e-16,1.89901e-15,3.80839e-15,7.56174e-15,1.48601e-14,2.88922e-14,5.55564e-14,1.05608e-13,1.98369e-13,3.67999e-13,6.73881e-13,1.21737e-12,2.16809e-12,3.80382e-12,6.56878e-12,1.11545e-11,1.86048e-11,3.04394e-11,4.87747e-11,7.63952e-11,1.16687e-10,1.73289e-10,2.49266e-10,3.45572e-10,4.58684e-10,5.77585e-10,6.8103e-10,7.37182e-10,7.08914e-10,5.67814e-10,3.15452e-10,0,0,0,0,0,0,0,0,0,0,0,0,0,0,0,0
4.06508e-24,9.59193e-24,1.99705e-23,4.06443e-23,8.19109e-23,1.63706e-22,3.24447e-22,6.3746e-22,1.24122e-21,2.39425e-21,4.57342e-21,8.6471e-21,1.6175e-20,2.99179e-20,5.46846e-20,9.87084e-20,1.75819e-19,3.08765e-19,5.34086e-19,9.08917e-19,1.51984e-18,2.4933e-18,4.00569e-18,6.28914e-18,9.62559e-18,1.4318e-17,2.06244e-17,2.8643e-17,3.81481e-17,4.84074e-17,5.80633e-17,6.52136e-17,6.78388e-17,6.46018e-17,5.57257e-17,4.32857e-17,3.03296e-17,1.92895e-17,1.12188e-17,6.01311e-18,3.0046e-18,1.45067e-18,7.83611e-19,6.84186e-19,1.0912e-18,2.24452e-18,4.8522e-18,1.0511e-17,2.26266e-17,4.83316e-17,1.02402e-16,2.1515e-16,4.48148e-16,9.25207e-16,1.89268e-15,3.83542e-15,7.69691e-15,1.52914e-14,3.0065e-14,5.84787e-14,1.12484e-13,2.13873e-13,4.01789e-13,7.45421e-13,1.365e-12,2.46563e-12,4.39036e-12,7.70045e-12,1.32923e-11,2.2559e-11,3.75972e-11,6.14457e-11,9.83049e-11,1.53627e-10,2.33869e-10,3.45572e-10,4.93287e-10,6.75829e-10,8.80616e-10,1.07689e-09,1.21091e-09,1.20986e-09,1.00431e-09,5.74269e-10,0,0,0,0,0,0,0,0,0,0,0,0,0,0,0,0
4.25863e-24,1.01188e-23,2.12582e-23,4.36895e-23,8.89443e-23,1.79626e-22,3.59837e-22,7.14849e-22,1.40786e-21,2.74783e-21,5.31307e-21,1.0173e-20,1.92798e-20,3.61485e-20,6.70141e-20,1.22761e-19,2.22056e-19,3.963e-19,6.97181e-19,1.20771e-18,2.0575e-18,3.44228e-18,5.64595e-18,9.05991e-18,1.41885e-17,2.16212e-17,3.1942e-17,4.55423e-17,6.23154e-17,8.12536e-17,1.00075e-16,1.15154e-16,1.22166e-16,1.17707e-16,1.01532e-16,7.77914e-17,5.32088e-17,3.28348e-17,1.84757e-17,9.56695e-18,4.60395e-18,2.10778e-18,1.01387e-18,7.14097e-19,9.88282e-19,1.97527e-18,4.28268e-18,9.35346e-18,2.0317e-17,4.38008e-17,9.36778e-17,1.98707e-16,4.17937e-16,8.71411e-16,1.80069e-15,3.68674e-15,7.47671e-15,1.50146e-14,2.9848e-14,5.87179e-14,1.14268e-13,2.19892e-13,4.18262e-13,7.8605e-13,1.45883e-12,2.67228e-12,4.82869e-12,8.60124e-12,1.50922e-11,2.60635e-11,4.42548e-11,7.3792e-11,1.20651e-10,1.9307e-10,3.01653e-10,4.58684e-10,6.75829e-10,9.58995e-10,1.29901e-09,1.65753e-09,1.95116e-09,2.04469e-09,1.77797e-09,1.05704e-09,0,0,0,0,0,0,0,0,0,0,0,0,0,0,0,0
4.30995e-24,1.0311e-23,2.18554e-23,4.53515e-23,9.3255e-23,1.90279e-22,3.85236e-22,7.73703e-22,1.54102e-21,3.04295e-21,5.95501e-21,1.15455e-20,2.21667e-20,4.21263e-20,7.92039e-20,1.47242e-19,2.70477e-19,4.90591e-19,8.77874e-19,1.54826e-18,2.68817e-18,4.58862e-18,7.68814e-18,1.26191e-17,2.02433e-17,3.16452e-17,4.80324e-17,7.04646e-17,9.93308e-17,1.33539e-16,1.69557e-16,2.00775e-16,2.18152e-16,2.13254e-16,1.83733e-16,1.37857e-16,9.11613e-17,5.40664e-17,2.91923e-17,1.45105e-17,6.70198e-18,2.92248e-18,1.28455e-18,7.45544e-19,8.66276e-19,1.65523e-18,3.58962e-18,7.90096e-18,1.7315e-17,3.7671e-17,8.13186e-17,1.74124e-16,3.69757e-16,7.78504e-16,1.62476e-15,3.36038e-15,6.88568e-15,1.39747e-14,2.80833e-14,5.58637e-14,1.09963e-13,2.14117e-13,4.12271e-13,7.84644e-13,1.4755e-12,2.74022e-12,5.02342e-12,9.08537e-12,1.62014e-11,2.84662e-11,4.92408e-11,8.37763e-11,1.40026e-10,2.29582e-10,3.68518e-10,5.77585e-10,8.80616e-10,1.29901e-09,1.83885e-09,2.4664e-09,3.06994e-09,3.41866e-09,3.16443e-09,1.98986e-09,0,0,0,0,0,0,0,0,0,0,0,0,0,0,0,0
4.20154e-24,1.0119e-23,2.16368e-23,4.53248e-23,9.41197e-23,1.93995e-22,3.96869e-22,8.05663e-22,1.62255e-21,3.24084e-21,6.41798e-21,1.25972e-20,2.44977e-20,4.71818e-20,8.99544e-20,1.69687e-19,3.1652e-19,5.83442e-19,1.06196e-18,1.90699e-18,3.37502e-18,5.8797e-18,1.00681e-17,1.69152e-17,2.78217e-17,4.46754e-17,6.97928e-17,1.05597e-16,1.53825e-16,2.14059e-16,2.81569e-16,3.4508e-16,3.86362e-16,3.84975e-16,3.30949e-16,2.40279e-16,1.51385e-16,8.51663e-17,4.36613e-17,2.06675e-17,9.11494e-18,3.78773e-18,1.54776e-18,7.64003e-19,7.30659e-19,1.30974e-18,2.83149e-18,6.2779e-18,1.38786e-17,3.04675e-17,6.63723e-17,1.43444e-16,3.0749e-16,6.53632e-16,1.3775e-15,2.87742e-15,5.95604e-15,1.22136e-14,2.48053e-14,4.98812e-14,9.92872e-14,1.9556e-13,3.8103e-13,7.34147e-13,1.39829e-12,2.63173e-12,4.89261e-12,8.98075e-12,1.62689e-11,2.9071e-11,5.12119e-11,8.88803e-11,1.51852e-10,2.5514e-10,4.21017e-10,6.8103e-10,1.07689e-09,1.65753e-09,2.4664e-09,3.50791e-09,4.67607e-09,5.63361e-09,5.68668e-09,3.89579e-09,0,0,0,0,0,0,0,0,0,0,0,0,0,0,0,0
3.93116e-24,9.52958e-24,2.05514e-23,4.34517e-23,9.11012e-23,1.89639e-22,3.91928e-22,8.04026e-22,1.63689e-21,3.30633e-21,6.62417e-21,1.31597e-20,2.59148e-20,5.05689e-20,9.7742e-20,1.87046e-19,3.54214e-19,6.63424e-19,1.22811e-18,2.24532e-18,4.05065e-18,7.20299e-18,1.26091e-17,2.16945e-17,3.66144e-17,6.04648e-17,9.7385e-17,1.52322e-16,2.3005e-16,3.32839e-16,4.5622e-16,5.83038e-16,6.78572e-16,6.94681e-16,5.95947e-16,4.09632e-16,2.40331e-16,1.25928e-16,6.04784e-17,2.70056e-17,1.13031e-17,4.46838e-18,1.71501e-18,7.43624e-19,5.84441e-19,9.65028e-19,2.0721e-18,4.62551e-18,1.03135e-17,2.28421e-17,5.02093e-17,1.09505e-16,2.36913e-16,5.08349e-16,1.08157e-15,2.28125e-15,4.76883e-15,9.87794e-15,2.02688e-14,4.11895e-14,8.28753e-14,1.65054e-13,3.25285e-13,6.34187e-13,1.22281e-12,2.33108e-12,4.39222e-12,8.17722e-12,1.5038e-11,2.7309e-11,4.89574e-11,8.66139e-11,1.51169e-10,2.60176e-10,4.41324e-10,7.37182e-10,1.21091e-09,1.95116e-09,3.06994e-09,4.67607e-09,6.78156e-09,9.05595e-09,1.03343e-08,8.11815e-09,0,0,0,0,0,0,0,0,0,0,0,0,0,0,0,0
3.51411e-24,8.5723e-24,1.86416e-23,3.97711e-23,8.41676e-23,1.769e-22,3.69238e-22,7.65246e-22,1.57444e-21,3.21501e-21,6.51433e-21,1.30941e-20,2.61024e-20,5.15883e-20,1.01052e-19,1.96108e-19,3.76901e-19,7.17025e-19,1.34953e-18,2.51133e-18,4.61719e-18,8.37962e-18,1.49962e-17,2.64287e-17,4.57917e-17,7.78365e-17,1.29431e-16,2.09748e-16,3.29504e-16,4.98027e-16,7.16223e-16,9.63557e-16,1.18035e-15,1.25872e-15,1.08235e-15,6.7388e-16,3.54717e-16,1.68723e-16,7.46511e-17,3.11146e-17,1.22816e-17,4.60796e-18,1.67122e-18,6.54366e-19,4.29524e-19,6.45073e-19,1.37129e-18,3.08063e-18,6.92668e-18,1.54747e-17,3.43153e-17,7.55095e-17,1.64844e-16,3.56955e-16,7.66534e-16,1.63205e-15,3.44448e-15,7.20449e-15,1.49304e-14,3.06493e-14,6.2309e-14,1.25416e-13,2.49874e-13,4.92663e-13,9.61026e-13,1.85429e-12,3.53819e-12,6.67524e-12,1.24498e-11,2.2952e-11,4.18232e-11,7.53295e-11,1.34128e-10,2.36152e-10,4.11289e-10,7.08914e-10,1.20986e-09,2.04469e-09,3.41866e-09,5.63361e-09,9.05595e-09,1.38394e-08,1.88277e-08,1.85168e-08,0,0,0,0,0,0,0,0,0,0,0,0,0,0,0,0
2.9827e-24,7.32001e-24,1.60473e-23,3.45369e-23,7.37552e-23,1.56465e-22,3.29724e-22,6.90122e-22,1.43438e-21,2.95996e-21,6.06317e-21,1.23258e-20,2.48615e-20,4.9743e-20,9.86981e-20,1.94147e-19,3.78487e-19,7.30995e-19,1.3981e-18,2.64678e-18,4.95688e-18,9.17753e-18,1.6785e-17,3.02942e-17,5.38883e-17,9.43203e-17,1.62078e-16,2.72593e-16,4.46738e-16,7.08734e-16,1.0774e-15,1.54355e-15,2.02479e-15,2.30267e-15,2.01992e-15,1.0286e-15,4.55982e-16,1.89948e-16,7.59247e-17,2.92414e-17,1.08348e-17,3.85455e-18,1.32738e-18,4.79919e-19,2.70873e-19,3.6945e-19,7.76439e-19,1.75508e-18,3.97879e-18,8.96462e-18,2.00505e-17,4.45048e-17,9.80136e-17,2.1413e-16,4.63975e-16,9.96885e-16,2.12342e-15,4.48306e-15,9.37916e-15,1.94405e-14,3.99122e-14,8.11456e-14,1.63339e-13,3.25451e-13,6.41757e-13,1.25218e-12,2.4172e-12,4.61596e-12,8.71969e-12,1.62948e-11,3.01289e-11,5.51381e-11,9.99329e-11,1.79535e-10,3.20157e-10,5.67814e-10,1.00431e-09,1.77797e-09,3.16443e-09,5.68668e-09,1.03343e-08,1.88277e-08,3.30343e-08,4.74664e-08,0,0,0,0,0,0,0,0,0,0,0,0,0,0,0,0
2.3825e-24,5.88077e-24,1.29928e-23,2.81994e-23,6.07478e-23,1.30028e-22,2.76541e-22,5.843e-22,1.22631e-21,2.55615e-21,5.29073e-21,1.08721e-20,2.21767e-20,4.48932e-20,9.01725e-20,1.79671e-19,3.5505e-19,6.95653e-19,1.35101e-18,2.59987e-18,4.95573e-18,9.35276e-18,1.74673e-17,3.2262e-17,5.88826e-17,1.06085e-16,1.8839e-16,3.29082e-16,5.63703e-16,9.42333e-16,1.52517e-15,2.35688e-15,3.3858e-15,4.26644e-15,4.02406e-15,1.25139e-15,4.16311e-16,1.44731e-16,5.13237e-17,1.81836e-17,6.33383e-18,2.14517e-18,7.06403e-19,2.40464e-19,1.21105e-19,1.5208e-19,3.16587e-19,7.2019e-19,1.64592e-18,3.73925e-18,8.43348e-18,1.88776e-17,4.19292e-17,9.23915e-17,2.01933e-16,4.37674e-16,9.40535e-16,2.00349e-15,4.22955e-15,8.84713e-15,1.83324e-14,3.76231e-14,7.64573e-14,1.53826e-13,3.06348e-13,6.03823e-13,1.1778e-12,2.27343e-12,4.34268e-12,8.21049e-12,1.53694e-11,2.85017e-11,5.24091e-11,9.56939e-11,1.7388e-10,3.15452e-10,5.74269e-10,1.05704e-09,1.98986e-09,3.89579e-09,8.11815e-09,1.85168e-08,4.74664e-08,1.38739e-07,0,0,0,0,0,0,0,0,0,0,0,0,0,0,0,0
1.76597e-24,4.38276e-24,9.75548e-24,2.13444e-23,4.63647e-23,1.00092e-22,2.14741e-22,4.57815e-22,9.69759e-22,2.0407e-21,4.26554e-21,8.85499e-21,1.82539e-20,3.73605e-20,7.59089e-20,1.53083e-19,3.06367e-19,6.08374e-19,1.19849e-18,2.34186e-18,4.53801e-18,8.7189e-18,1.66056e-17,3.13425e-17,5.8609e-17,1.08536e-16,1.98937e-16,3.60601e-16,6.45553e-16,1.1388e-15,1.97156e-15,3.32333e-15,5.36112e-15,7.91869e-15,9.1487e-15,0,0,0,0,0,0,0,0,0,0,0,0,0,0,0,0,0,0,0,0,0,0,0,0,0,0,0,0,0,0,0,0,0,0,0,0,0,0,0,0,0,0,0,0,0,0,0,0,4.60528e-07,0,0,0,0,0,0,0,0,0,0,0,0,0,0,0,0
1.18451e-24,2.95471e-24,6.62348e-24,1.46031e-23,3.19721e-23,6.95798e-23,1.50516e-22,3.23611e-22,6.91448e-22,1.46805e-21,3.09682e-21,6.48991e-21,1.35101e-20,2.79336e-20,5.73588e-20,1.16959e-19,2.36804e-19,4.76026e-19,9.50015e-19,1.88221e-18,3.70197e-18,7.22821e-18,1.40114e-17,2.69667e-17,5.15393e-17,9.78387e-17,1.84535e-16,3.45954e-16,6.44978e-16,1.19652e-15,2.21031e-15,4.06962e-15,7.4797e-15,1.3771e-14,2.56466e-14,4.96741e-14,1.07222e-13,2.34482e-13,5.12379e-13,1.11663e-12,2.42654e-12,5.25852e-12,1.13656e-11,2.45043e-11,5.27078e-11,1.13125e-10,2.42308e-10,5.18048e-10,1.1057e-09,2.35634e-09,5.0147e-09,1.06592e-08,2.26326e-08,4.80113e-08,1.01766e-07,2.15558e-07,4.56324e-07,9.65536e-07,2.04212e-06,4.31747e-06,9.1248e-06,1.92774e-05,4.07065e-05,8.5896e-05,0.000181048,0.000380889,0.000798734,0.00166563,0.00343971,0.00698309,0.0137539,0.0256415,0.0430469,0.0578837,0.0430465,0.0256408,0.0137528,0.00698126,0.00343671,0.00166037,0.000788828,0.000361206,0.000140666,1.70387e-06,6.48653e-08,4.38231e-08,2.88299e-08,1.86846e-08,1.19606e-08,7.57776e-09,4.78985e-09,3.10548e-09,2.2266e-09,2.00928e-09,0,0,0,0,0,0
6.80668e-25,1.7059e-24,3.84964e-24,8.54888e-24,1.88561e-23,4.1347e-23,9.01335e-23,1.95317e-22,4.20692e-22,9.00564e-22,1.91581e-21,4.04981e-21,8.50606e-21,1.775e-20,3.67971e-20,7.57797e-20,1.55024e-19,3.15027e-19,6.35923e-19,1.27525e-18,2.54079e-18,5.03036e-18,9.89918e-18,1.93702e-17,3.77075e-17,7.30791e-17,1.4114e-16,2.71991e-16,5.23909e-16,1.01095e-15,1.95998e-15,3.83225e-15,7.59239e-15,1.53267e-14,3.17109e-14,6.75267e-14,1.47607e-13,3.23914e-13,7.09489e-13,1.54953e-12,3.37409e-12,7.32578e-12,1.58617e-11,3.42537e-11,7.37893e-11,1.5859e-10,3.40114e-10,7.27971e-10,1.5553e-09,3.31743e-09,7.06554e-09,1.50285e-08,3.19287e-08,6.77647e-08,1.43696e-07,3.04482e-07,6.44767e-07,1.36463e-06,2.88695e-06,6.10535e-06,1.2908e-05,2.72842e-05,5.76616e-05,0.000121843,0.000257427,0.000543802,0.00114846,0.00242412,0.00511019,0.0107388,0.0223913,0.0457655,0.0886625,0.145441,0.088662,0.0457644,0.0223895,0.010736,0.00510569,0.00241643,0.00113421,0.000515746,0.000200086,2.28753e-06,6.49143e-08,4.19941e-08,2.72819e-08,1.76063e-08,1.12395e-08,7.09781e-09,4.46648e-09,2.87876e-09,2.05163e-09,1.84918e-09,0,0,0,0,0,0
2.8231e-25,7.10573e-25,1.61354e-24,3.60737e-24,8.01173e-24,1.76912e-23,3.88406e-23,8.47764e-23,1.83944e-22,3.9672e-22,8.50414e-22,1.81173e-21,3.83569e-21,8.06967e-21,1.68698e-20,3.50428e-20,7.233e-20,1.48349e-19,3.0236e-19,6.12482e-19,1.23332e-18,2.46939e-18,4.91823e-18,9.74925e-18,1.92486e-17,3.78903e-17,7.4462e-17,1.46345e-16,2.8829e-16,5.70846e-16,1.14004e-15,2.3051e-15,4.73686e-15,9.9227e-15,2.12095e-14,4.61438e-14,1.0148e-13,2.23361e-13,4.90441e-13,1.07356e-12,2.34265e-12,5.09653e-12,1.10556e-11,2.39164e-11,5.16034e-11,1.11071e-10,2.38523e-10,5.11146e-10,1.09325e-09,2.33411e-09,4.97547e-09,1.05907e-08,2.25147e-08,4.78109e-08,1.01431e-07,2.15009e-07,4.55455e-07,9.64245e-07,2.04049e-06,4.31656e-06,9.12959e-06,1.93081e-05,4.08409e-05,8.64271e-05,0.000183075,0.000388519,0.000827305,0.00177239,0.00383833,0.00847101,0.0193073,0.0463673,0.120397,0.346558,0.120396,0.0463664,0.0193058,0.00846883,0.00383494,0.00176673,0.000817027,0.000368508,0.000142383,1.7131e-06,5.21609e-08,3.45976e-08,2.28968e-08,1.4971e-08,9.6396e-09,6.11737e-09,3.85656e-09,2.48383e-09,1.76726e-09,1.5958e-09,0,0,0,0,0,0
0,0,0,0,0,0,0,0,0,0,0,0,0,0,0,0,0,0,0,0,0,0,0,0,0,0,0,0,0,0,0,0,0,0,0,0,0,0,0,0,0,0,0,0,0,0,0,0,0,0,0,0,0,0,0,0,0,0,0,0,0,0,0,0,0,0,0,0,0,0,0,0,0,1,0,0,0,0,0,0,0,0,0,4.76249e-07,3.16795e-08,2.39264e-08,1.68851e-08,1.14461e-08,7.53302e-09,4.84599e-09,3.07998e-09,1.99219e-09,1.42158e-09,1.29318e-09,8.43328e-10,3.39126e-10,1.44661e-10,6.40419e-11,2.8522e-11,1.12915e-11
0,0,0,0,0,0,0,0,0,0,0,0,0,0,0,0,0,0,0,0,0,0,0,0,0,0,0,0,0,0,0,0,0,0,0,0,0,0,0,0,0,0,0,0,0,0,0,0,0,0,0,0,0,0,0,0,0,0,0,0,0,0,0,0,0,0,0,0,0,0,0,0,0,1,0,0,0,0,0,0,0,0,0,1.37837e-07,1.88338e-08,1.58353e-08,1.20448e-08,8.61834e-09,5.90977e-09,3.92963e-09,2.56976e-09,1.70655e-09,1.24703e-09,1.14897e-09,9.64204e-10,4.71435e-10,2.27357e-10,1.08984e-10,5.11406e-11,2.08859e-11
0,0,0,0,0,0,0,0,0,0,0,0,0,0,0,0,0,0,0,0,0,0,0,0,0,0,0,0,0,0,0,0,0,0,0,0,0,0,0,0,0,0,0,0,0,0,0,0,0,0,0,0,0,0,0,0,0,0,0,0,0,0,0,0,0,0,0,0,0,0,0,0,0,1,0,0,0,0,0,0,0,0,0,4.29003e-08,1.11276e-08,1.00433e-08,8.12467e-09,6.11301e-09,4.36775e-09,3.00649e-09,2.02694e-09,1.38477e-09,1.03759e-09,9.68163e-10,8.73092e-10,4.73929e-10,2.48796e-10,1.27392e-10,6.27966e-11,2.64782e-11
0,0,0,0,0,0,0,0,0,0,0,0,0,0,0,0,0,0,0,0,0,0,0,0,0,0,0,0,0,0,0,0,0,0,0,0,0,0,0,0,0,0,0,0,0,0,0,0,0,0,0,0,0,0,0,0,0,0,0,0,0,0,0,0,0,0,0,0,0,0,0,0,0,1,0,0,0,0,0,0,0,0,0,1.49496e-08,6.57634e-09,6.21351e-09,5.27321e-09,4.14424e-09,3.07658e-09,2.19049e-09,1.52292e-09,1.07106e-09,8.23255e-10,7.77967e-10,7.22832e-10,4.17205e-10,2.32212e-10,1.25159e-10,6.43261e-11,2.79114e-11
0,0,0,0,0,0,0,0,0,0,0,0,0,0,0,0,0,0,0,0,0,0,0,0,0,0,0,0,0,0,0,0,0,0,0,0,0,0,0,0,0,0,0,0,0,0,0,0,0,0,0,0,0,0,0,0,0,0,0,0,0,0,0,0,0,0,0,0,0,0,0,0,0,1,0,0,0,0,0,0,0,0,0,5.98954e-09,3.87685e-09,3.77646e-09,3.32583e-09,2.71184e-09,2.08373e-09,1.53154e-09,1.09713e-09,7.94095e-10,6.25972e-10,5.99059e-10,5.66646e-10,3.40581e-10,1.97703e-10,1.10885e-10,5.89797e-11,2.62264e-11
0,0,0,0,0,0,0,0,0,0,0,0,0,0,0,0,0,0,0,0,0,0,0,0,0,0,0,0,0,0,0,0,0,0,0,0,0,0,0,0,0,0,0,0,0,0,0,0,0,0,0,0,0,0,0,0,0,0,0,0,0,0,0,0,0,0,0,0,0,0,0,0,0,1,0,0,0,0,0,0,0,0,0,2.73233e-09,2.27075e-09,2.26056e-09,2.04966e-09,1.72398e-09,1.36581e-09,1.03384e-09,7.62018e-10,5.67118e-10,4.58139e-10,4.43944e-10,4.25874e-10,2.63819e-10,1.58148e-10,9.15531e-11,5.00937e-11,2.27419e-11
0,0,0,0,0,0,0,0,0,0,0,0,0,0,0,0,0,0,0,0,0,0,0,0,0,0,0,0,0,0,0,0,0,0,0,0,0,0,0,0,0,0,0,0,0,0,0,0,0,0,0,0,0,0,0,0,0,0,0,0,0,0,0,0,0,0,0,0,0,0,0,0,0,1,0,0,0,0,0,0,0,0,0,1.36506e-09,1.31739e-09,1.33367e-09,1.23816e-09,1.06934e-09,8.70486e-10,6.76939e-10,5.12537e-10,3.9174e-10,3.23983e-10,3.17796e-10,3.08741e-10,1.96074e-10,1.20662e-10,7.17039e-11,4.0176e-11,1.85656e-11
0,0,0,0,0,0,0,0,0,0,0,0,0,0,0,0,0,0,0,0,0,0,0,0,0,0,0,0,0,0,0,0,0,0,0,0,0,0,0,0,0,0,0,0,0,0,0,0,0,0,0,0,0,0,0,0,0,0,0,0,0,0,0,0,0,0,0,0,0,0,0,0,0,1,0,0,0,0,0,0,0,0,0,7.16333e-10,7.55517e-10,7.75601e-10,7.34495e-10,6.49047e-10,5.41302e-10,4.31498e-10,3.35033e-10,2.62621e-10,2.22101e-10,2.20456e-10,2.16749e-10,1.40701e-10,8.85678e-11,5.38276e-11,3.07839e-11,1.44469e-11
0,0,0,0,0,0,0,0,0,0,0,0,0,0,0,0,0,0,0,0,0,0,0,0,0,0,0,0,0,0,0,0,0,0,0,0,0,0,0,0,0,0,0,0,0,0,0,0,0,0,0,0,0,0,0,0,0,0,0,0,0,0,0,0,0,0,0,0,0,0,0,0,0,1,0,0,0,0,0,0,0,0,0,3.83388e-10,4.27811e-10,4.44626e-10,4.28383e-10,3.86269e-10,3.29251e-10,2.68508e-10,2.13451e-10,1.71358e-10,1.48012e-10,1.48611e-10,1.47799e-10,9.78881e-11,6.2883e-11,3.89884e-11,2.27058e-11,1.08037e-11
0,0,0,0,0,0,0,0,0,0,0,0,0,0,0,0,0,0,0,0,0,0,0,0,0,0,0,0,0,0,0,0,0,0,0,0,0,0,0,0,0,0,0,0,0,0,0,0,0,0,0,0,0,0,0,0,0,0,0,0,0,0,0,0,0,0,0,0,0,0,0,0,0,1,0,0,0,0,0,0,0,0,0,2.0579e-10,2.39041e-10,2.51267e-10,2.45848e-10,2.25736e-10,1.96274e-10,1.6347e-10,1.32852e-10,1.0908e-10,9.61161e-11,9.75822e-11,9.81308e-11,6.62266e-11,4.3349e-11,2.73715e-11,1.62053e-11,7.80823e-12
0,0,0,0,0,0,0,0,0,0,0,0,0,0,0,0,0,0,0,0,0,0,0,0,0,0,0,0,0,0,0,0,0,0,0,0,0,0,0,0,0,0,0,0,0,0,0,0,0,0,0,0,0,0,0,0,0,0,0,0,0,0,0,0,0,0,0,0,0,0,0,0,0,1,0,0,0,0,0,0,0,0,0,1.09834e-10,1.31765e-10,1.39997e-10,1.38923e-10,1.29688e-10,1.14842e-10,9.75403e-11,8.09319e-11,6.78757e-11,6.09449e-11,6.25424e-11,6.35726e-11,4.36761e-11,2.90963e-11,1.86864e-11,1.12332e-11,5.47618e-12
0,0,0,0,0,0,0,0,0,0,0,0,0,0,0,0,0,0,0,0,0,0,0,0,0,0,0,0,0,0,0,0,0,0,0,0,0,0,0,0,0,0,0,0,0,0,0,0,0,0,0,0,0,0,0,0,0,0,0,0,0,0,0,0,0,0,0,0,0,0,0,0,0,1,0,0,0,0,0,0,0,0,0,5.80476e-11,7.16533e-11,7.69186e-11,7.73398e-11,7.33145e-11,6.6034e-11,5.71244e-11,4.83334e-11,4.13569e-11,3.78002e-11,3.91967e-11,4.02593e-11,2.81344e-11,1.90585e-11,1.24372e-11,7.5844e-12,3.73839e-12
